35
0 0.0 0.5 15 20
0 0.125 0.125 5 5
0 0.125 0.5 5 5
0 0.125 0.875 5 5
0 0.25 0.0 5 10
0 0.25 0.25 5 10
0 0.25 0.375 5 10
0 0.25 0.625 5 10
0 0.25 0.75 5 10
0 0.25 1.0 5  10
0 0.375 0.125 10 10
0 0.375 0.5 10 10
0 0.375 0.875 10 10
1 0.5 0.5 10 40
0 0.625 0.125 10 10
0 0.625 0.5 10 10
0 0.625 0.875 10 10
0 0.75 0.0 5 10
0 0.75 0.25 5 10
0 0.75 0.375 5 10
0 0.75 0.625 5 10
0 0.75 0.75 5 10
0 0.75 1.0 5 10
0 0.875 0.125 5 5
0 0.875 0.5 5 5
0 0.875 0.875 5 5
0 1 0.5 15 20
0 0.0625 0.3125 5 5
0 0.9375 0.6875 5 5
0 0.0625 0.6875 5 5
0 0.9375 0.3125 5 5
1 0.25 0.125 5 5
1 0.25 0.875 5 5
1 0.75 0.125 5 5
1 0.75 0.875 5 5
64
0 2 100
1 4 80
1 5 80
2 6 80
2 7 80
3 8 80
3 9 80
4 17 10
4 10 60
5 10 60
5 6 80
6 11 60
7 8 80
7 11 60
8 12 60
9 12 60
9 22 10
10 14 20
10 13 40
11 13 40
12 13 40
12 16 20
13 14 40
13 15 40
13 16 40
14 17 60
14 18 60
15 19 60
15 20 60
16 21 60
16 22 60
17 23 80
18 23 80
18 19 80
19 24 80
20 24 80
20 21 80
21 25 80
22 25 80
24 26 100
0 27 100
1 27 100
25 28 100
26 28 100
0 29 100
3 29 100
23 30 100
26 30 100
1 31 100
4 31 100
5 31 100
10 31 100
3 32 100
8 32 100
9 32 100
12 32 100
14 33 100
17 33 100
18 33 100
23 33 100
16 34 100
21 34 100
22 34 100
25 34 100
2
100 0
100 26
