35 3
0.0 0.5 0
0.125 0.125 0
0.125 0.5 0
0.125 0.875 0
0.25 0.0 0
0.25 0.25 0
0.25 0.375 0
0.25 0.625 0
0.25 0.75 0
0.25 1.0 0
0.375 0.125 0
0.375 0.5 0
0.375 0.875 0
0.5 0.5 1
0.625 0.125 0
0.625 0.5 0
0.625 0.875 0
0.75 0.0 0
0.75 0.25 0
0.75 0.375 0
0.75 0.625 0
0.75 0.75 0
0.75 1.0 0
0.875 0.125 0
0.875 0.5 0
0.875 0.875 0
1.0 0.5 0
0.0625 0.3125 0
0.9375 0.6875 0
0.0625 0.6875 0
0.9375 0.3125 0
0.25 0.125 1
0.25 0.875 1
0.75 0.125 1
0.75 0.875 1
0 0 100 0 0 0 0 0 0 0 0 0 0 0 0 0 0 0 0 0 0 0 0 0 0 0 0 100 0 100 0 0 0 0 0
0 0 0 0 80 80 0 0 0 0 0 0 0 0 0 0 0 0 0 0 0 0 0 0 0 0 0 100 0 0 0 100 0 0 0
100 0 0 0 0 0 80 80 0 0 0 0 0 0 0 0 0 0 0 0 0 0 0 0 0 0 0 0 0 0 0 0 0 0 0
0 0 0 0 0 0 0 0 80 80 0 0 0 0 0 0 0 0 0 0 0 0 0 0 0 0 0 0 0 100 0 0 100 0 0
0 80 0 0 0 0 0 0 0 0 60 0 0 0 0 0 0 10 0 0 0 0 0 0 0 0 0 0 0 0 0 100 0 0 0
0 80 0 0 0 0 80 0 0 0 60 0 0 0 0 0 0 0 0 0 0 0 0 0 0 0 0 0 0 0 0 100 0 0 0
0 0 80 0 0 80 0 0 0 0 0 60 0 0 0 0 0 0 0 0 0 0 0 0 0 0 0 0 0 0 0 0 0 0 0
0 0 80 0 0 0 0 0 80 0 0 60 0 0 0 0 0 0 0 0 0 0 0 0 0 0 0 0 0 0 0 0 0 0 0
0 0 0 80 0 0 0 80 0 0 0 0 60 0 0 0 0 0 0 0 0 0 0 0 0 0 0 0 0 0 0 0 100 0 0
0 0 0 80 0 0 0 0 0 0 0 0 60 0 0 0 0 0 0 0 0 0 10 0 0 0 0 0 0 0 0 0 100 0 0
0 0 0 0 60 60 0 0 0 0 0 0 0 40 20 0 0 0 0 0 0 0 0 0 0 0 0 0 0 0 0 100 0 0 0
0 0 0 0 0 0 60 60 0 0 0 0 0 40 0 0 0 0 0 0 0 0 0 0 0 0 0 0 0 0 0 0 0 0 0
0 0 0 0 0 0 0 0 60 60 0 0 0 40 0 0 20 0 0 0 0 0 0 0 0 0 0 0 0 0 0 0 100 0 0
0 0 0 0 0 0 0 0 0 0 40 40 40 0 40 40 40 0 0 0 0 0 0 0 0 0 0 0 0 0 0 0 0 0 0
0 0 0 0 0 0 0 0 0 0 20 0 0 40 0 0 0 60 60 0 0 0 0 0 0 0 0 0 0 0 0 0 0 100 0
0 0 0 0 0 0 0 0 0 0 0 0 0 40 0 0 0 0 0 60 60 0 0 0 0 0 0 0 0 0 0 0 0 0 0
0 0 0 0 0 0 0 0 0 0 0 0 20 40 0 0 0 0 0 0 0 60 60 0 0 0 0 0 0 0 0 0 0 0 100
0 0 0 0 10 0 0 0 0 0 0 0 0 0 60 0 0 0 0 0 0 0 0 80 0 0 0 0 0 0 0 0 0 100 0
0 0 0 0 0 0 0 0 0 0 0 0 0 0 60 0 0 0 0 80 0 0 0 80 0 0 0 0 0 0 0 0 0 100 0
0 0 0 0 0 0 0 0 0 0 0 0 0 0 0 60 0 0 80 0 0 0 0 0 80 0 0 0 0 0 0 0 0 0 0
0 0 0 0 0 0 0 0 0 0 0 0 0 0 0 60 0 0 0 0 0 80 0 0 80 0 0 0 0 0 0 0 0 0 0
0 0 0 0 0 0 0 0 0 0 0 0 0 0 0 0 60 0 0 0 80 0 0 0 0 80 0 0 0 0 0 0 0 0 100
0 0 0 0 0 0 0 0 0 10 0 0 0 0 0 0 60 0 0 0 0 0 0 0 0 80 0 0 0 0 0 0 0 0 100
0 0 0 0 0 0 0 0 0 0 0 0 0 0 0 0 0 80 80 0 0 0 0 0 0 0 0 0 0 0 100 0 0 100 0
0 0 0 0 0 0 0 0 0 0 0 0 0 0 0 0 0 0 0 80 80 0 0 0 0 0 100 0 0 0 0 0 0 0 0
0 0 0 0 0 0 0 0 0 0 0 0 0 0 0 0 0 0 0 0 0 80 80 0 0 0 0 0 100 0 0 0 0 0 100
0 0 0 0 0 0 0 0 0 0 0 0 0 0 0 0 0 0 0 0 0 0 0 0 100 0 0 0 100 0 100 0 0 0 0
100 100 0 0 0 0 0 0 0 0 0 0 0 0 0 0 0 0 0 0 0 0 0 0 0 0 0 0 0 0 0 0 0 0 0
0 0 0 0 0 0 0 0 0 0 0 0 0 0 0 0 0 0 0 0 0 0 0 0 0 100 100 0 0 0 0 0 0 0 0
100 0 0 100 0 0 0 0 0 0 0 0 0 0 0 0 0 0 0 0 0 0 0 0 0 0 0 0 0 0 0 0 0 0 0
0 0 0 0 0 0 0 0 0 0 0 0 0 0 0 0 0 0 0 0 0 0 0 100 0 0 100 0 0 0 0 0 0 0 0
0 100 0 0 100 100 0 0 0 0 100 0 0 0 0 0 0 0 0 0 0 0 0 0 0 0 0 0 0 0 0 0 0 0 0
0 0 0 100 0 0 0 0 100 100 0 0 100 0 0 0 0 0 0 0 0 0 0 0 0 0 0 0 0 0 0 0 0 0 0
0 0 0 0 0 0 0 0 0 0 0 0 0 0 100 0 0 100 100 0 0 0 0 100 0 0 0 0 0 0 0 0 0 0 0
0 0 0 0 0 0 0 0 0 0 0 0 0 0 0 0 100 0 0 0 0 100 100 0 0 100 0 0 0 0 0 0 0 0 0
0
1 20
0 5
0 5
0 5
0 10
0 10
0 10
0 10
0 10
0 10
0 10
0 10
0 10
0 40
0 10
0 10
0 10
0 10
0 10
0 10
0 10
0 10
0 10
0 5
0 5
0 5
2 20
0 5
0 5
0 5
0 5
0 5
0 5
0 5
0 5
0
0
1 35
0 5
0 5
0 5
0 10
0 10
0 10
0 10
0 10
0 10
0 10
0 10
0 10
0 40
0 10
0 10
0 10
0 10
0 10
0 10
0 10
0 10
0 10
0 5
0 5
0 5
2 35
0 5
0 5
0 5
0 5
0 5
0 5
0 5
0 5
0
2
2 26 24 12
2 26 28 12
1 50
0 5
0 5
0 5
0 10
0 10
0 10
0 10
0 10
0 10
0 10
0 10
0 10
0 40
0 10
0 10
0 10
0 10
0 10
0 10
0 10
0 10
0 10
0 5
2 12
0 5
2 26
0 5
2 12
2 10
0 5
0 5
0 5
0 5
0 5
0
5
2 29 0 10
2 24 19 11
2 24 20 1
2 26 30 6
2 28 25 6
1 55
0 5
0 5
0 5
0 10
0 10
0 10
0 10
0 10
0 10
0 10
0 10
2 10
0 40
0 10
0 10
0 10
0 10
2 10
2 1
0 9
0 10
0 10
0 5
2 0
2 1
2 20
0 5
2 6
2 0
2 1
0 5
0 5
0 5
0 5
0
8
2 12 13 10
2 18 33 6
2 25 34 1
2 26 24 20
2 18 14 4
2 19 15 1
2 28 26 6
2 30 23 1
1 70
0 5
0 5
0 5
0 10
0 10
0 10
0 10
0 10
0 10
0 10
0 10
2 0
0 30
0 6
0 9
0 10
0 10
2 0
2 0
0 9
0 10
0 10
0 4
2 20
2 0
2 6
0 5
2 0
2 0
2 0
0 5
0 5
2 1
0 4
0
3
2 26 28 6
2 33 14 2
2 24 20 10
1 85
0 5
0 5
0 5
0 10
0 10
0 10
0 10
0 10
0 10
0 10
0 10
2 0
0 30
0 4
0 9
0 10
0 10
2 0
2 0
2 1
0 10
0 10
0 4
2 10
2 0
2 0
0 5
2 6
2 0
2 0
0 5
0 5
2 0
0 4
0
3
2 20 15 1
2 24 26 10
2 28 26 6
1 100
0 5
0 5
0 5
0 10
0 10
0 10
0 10
0 10
0 10
0 10
0 10
2 10
0 30
0 4
0 8
0 10
0 10
2 5
2 5
2 5
0 10
0 10
0 4
2 5
2 5
2 31
0 5
2 5
2 5
2 5
0 5
0 5
2 5
0 4
0
12
2 12 13 10
1 0 2 100
2 25 34 5
2 26 24 31
2 19 15 5
2 20 15 5
2 33 17 5
2 18 14 5
2 24 20 5
2 28 26 5
2 29 3 5
2 30 23 5
1 15
0 5
1 100
0 0
0 10
0 10
0 10
0 10
0 10
0 10
0 10
0 10
2 10
0 20
2 11
2 18
0 10
0 5
2 5
2 5
2 10
0 10
0 10
2 6
2 36
2 5
2 20
0 5
2 5
2 5
2 5
0 5
0 5
2 5
2 6
0
15
2 29 3 1
2 12 13 10
1 2 0 100
2 14 13 11
2 24 19 36
2 26 30 20
2 29 0 4
2 34 16 12
2 25 21 5
2 20 21 10
2 23 17 6
2 18 33 5
2 19 24 5
2 30 23 5
2 28 26 5
1 126
0 5
1 5
2 11
0 10
0 10
0 10
0 10
0 10
0 10
0 10
0 10
2 20
2 40
2 20
2 38
2 22
2 11
2 10
2 46
2 10
2 20
2 20
2 15
2 15
2 10
2 35
0 5
2 10
2 10
2 30
0 5
0 5
2 20
2 10
0
23
2 33 23 20
2 34 21 10
2 3 32 6
2 19 15 46
2 26 24 35
2 15 19 38
1 0 2 100
2 30 26 30
2 16 21 22
2 21 25 20
2 23 33 15
2 24 26 15
2 14 10 11
2 13 11 51
2 3 8 5
2 12 8 11
2 22 9 10
2 12 9 9
2 18 19 10
2 20 21 10
2 25 22 10
2 17 4 10
2 28 26 10
1 41
0 5
1 110
2 0
0 0
0 10
0 10
0 10
2 10
2 10
2 1
2 41
2 0
2 29
2 9
2 46
2 0
2 1
2 0
2 48
2 0
2 42
2 20
2 20
2 35
2 20
2 55
0 5
2 0
2 10
2 0
0 5
2 1
2 15
2 0
0
20
1 2 0 100
2 17 4 1
2 13 14 29
2 33 18 15
2 32 8 2
2 10 31 1
2 26 24 55
2 15 13 40
2 29 0 10
2 19 18 48
2 21 20 42
2 24 20 35
2 22 25 20
2 25 28 20
2 23 30 20
2 14 10 9
2 9 32 10
2 8 7 10
2 11 7 11
2 11 6 11
1 146
0 5
1 15
2 5
2 6
0 10
2 6
2 15
2 7
2 5
2 19
2 29
2 10
2 50
2 39
2 16
2 10
2 5
2 68
2 5
2 82
2 5
2 5
2 5
2 60
2 25
2 15
0 5
2 25
2 5
2 25
0 4
2 15
2 5
2 5
0
30
1 0 2 100
2 13 14 40
2 32 8 15
2 34 21 5
2 33 23 5
2 4 31 5
2 20 21 80
2 18 23 68
2 24 19 60
2 14 18 39
2 11 6 29
2 25 28 25
2 28 26 25
2 30 23 25
2 26 28 15
2 15 13 16
2 8 7 7
2 6 2 6
2 7 2 15
2 12 16 10
2 16 13 10
2 10 5 11
2 3 9 5
2 9 3 5
2 22 16 5
2 21 16 5
2 17 14 5
2 19 18 5
2 4 1 1
2 23 17 5
1 61
0 4
1 99
2 10
2 5
2 6
2 34
2 12
2 20
2 10
2 18
2 10
2 10
2 46
2 55
2 10
2 30
2 10
2 49
2 65
2 7
2 90
2 5
2 103
2 5
2 5
2 40
0 5
2 45
2 10
2 5
2 6
2 5
2 5
2 5
0
31
1 2 6 80
2 13 11 40
2 32 8 5
2 34 21 5
2 33 14 5
2 23 33 100
2 7 2 12
2 6 2 34
2 21 25 80
2 29 0 10
2 19 15 60
2 14 33 55
2 18 23 49
2 26 28 40
2 28 25 45
2 11 6 10
2 5 6 6
2 16 21 30
2 10 14 18
2 8 12 20
2 12 8 10
2 15 13 10
2 3 9 10
2 9 32 10
2 17 23 10
2 20 15 7
2 22 25 5
2 25 22 5
2 24 19 5
2 30 26 5
2 4 1 5
1 66
2 6
2 24
2 5
2 5
2 5
1 69
2 5
2 20
2 15
2 10
2 50
2 30
2 26
2 33
2 77
2 10
2 5
2 5
2 15
2 5
2 50
2 10
2 67
2 5
2 135
2 20
0 5
2 45
2 5
2 5
2 11
2 15
2 160
2 5
0
32
1 6 11 60
2 33 23 100
2 13 12 26
2 32 8 15
2 31 10 11
2 34 25 5
2 25 28 100
2 15 20 60
2 29 0 5
2 2 0 24
2 5 6 5
2 11 6 50
2 23 18 67
2 21 34 50
2 28 26 45
2 14 10 20
2 12 8 30
2 26 24 20
2 8 3 20
2 19 15 15
2 9 12 15
2 10 4 10
2 16 13 10
2 22 16 10
2 4 10 5
2 1 5 6
2 17 4 5
2 18 23 5
2 30 26 5
2 20 15 5
2 24 20 5
2 3 9 5
1 52
2 5
2 5
2 25
2 20
2 11
2 14
2 10
2 50
2 10
2 46
1 70
2 51
2 20
2 23
2 47
2 20
2 5
2 72
2 5
2 70
2 5
2 5
2 110
2 25
2 45
2 65
0 5
2 105
2 5
2 5
2 5
2 5
2 65
2 55
0
32
1 11 6 60
2 33 23 65
2 34 16 55
2 12 13 20
2 31 10 5
2 32 8 5
2 23 33 100
2 28 26 100
2 7 11 10
2 6 11 14
2 13 11 20
2 26 24 65
2 18 19 72
2 20 15 60
2 2 0 5
2 29 0 5
2 15 19 47
2 8 12 50
2 10 31 46
2 25 21 45
2 14 18 23
2 24 26 25
2 16 22 20
2 4 10 20
2 5 6 11
2 9 3 10
2 1 27 5
2 17 33 5
2 30 26 5
2 19 24 5
2 21 25 5
2 22 34 5
1 57
2 5
2 5
2 40
2 5
2 5
1 54
2 5
2 10
2 5
2 35
2 44
2 91
2 30
2 10
2 70
2 65
2 5
2 28
2 124
2 15
2 50
2 25
2 80
2 75
2 10
2 145
0 0
2 10
2 5
2 5
2 51
2 5
2 110
2 10
0
30
2 1 27 1
2 33 14 100
2 31 4 51
2 13 15 30
2 34 22 10
2 32 3 5
2 26 30 100
2 19 18 80
2 12 8 60
2 23 33 80
2 24 20 75
2 15 20 60
2 16 34 65
2 2 0 5
2 29 0 5
2 5 6 5
2 11 6 44
2 21 34 50
2 10 4 35
2 18 23 28
2 22 34 25
2 20 24 15
2 14 33 10
2 8 12 10
2 28 25 10
2 25 21 10
2 4 1 5
2 17 14 5
2 30 26 5
2 9 12 5
1 62
2 14
2 5
2 50
2 91
2 5
1 10
2 10
2 65
2 5
2 10
2 10
2 56
2 10
2 115
2 50
2 10
2 5
2 85
2 49
2 140
2 15
2 15
2 33
2 20
2 15
2 65
2 6
2 5
2 5
2 105
2 5
2 5
2 105
2 145
0
31
2 34 16 100
2 33 17 100
2 13 10 10
2 31 1 5
2 32 8 5
2 20 24 80
2 14 10 20
2 30 23 100
2 4 17 10
2 18 14 60
2 26 24 65
2 2 0 5
2 29 0 5
2 27 0 6
2 8 3 65
2 12 9 56
2 15 19 50
2 3 32 50
2 19 24 49
2 23 17 33
2 24 19 20
2 21 16 15
2 22 16 15
2 25 22 15
2 10 14 10
2 16 22 10
2 5 6 5
2 11 6 10
2 17 33 5
2 9 3 5
2 28 26 5
1 61
2 24
2 5
2 75
2 86
2 5
2 15
2 15
2 10
2 61
2 40
2 10
2 10
2 10
2 175
2 10
2 140
2 148
2 30
2 75
2 65
2 5
2 30
2 105
2 199
2 5
2 20
2 5
2 5
2 5
2 10
2 5
2 55
2 15
2 50
0
31
2 32 3 55
2 34 22 50
2 33 17 15
2 13 14 10
2 31 4 5
2 24 20 80
2 14 33 100
2 17 14 60
2 16 13 40
2 23 17 80
2 4 31 86
2 19 15 60
2 2 0 5
2 27 0 5
2 29 0 5
2 20 21 65
2 9 3 61
2 10 31 40
2 18 14 30
2 22 34 30
2 26 24 20
2 1 31 24
2 11 6 10
2 12 13 10
2 15 20 10
2 30 23 10
2 8 7 10
2 5 31 5
2 21 34 5
2 28 25 5
2 25 22 5
1 61
2 5
2 5
2 196
2 10
2 5
2 30
2 30
2 5
2 5
2 10
2 10
2 10
2 60
2 185
2 70
2 110
2 188
2 5
2 20
2 95
2 70
2 60
2 40
2 144
2 10
2 15
2 5
2 5
2 5
2 5
2 160
2 5
2 105
2 40
0
33
2 31 10 100
2 33 14 100
2 13 11 40
2 34 25 40
2 32 12 5
2 3 8 80
2 14 18 60
2 17 4 10
2 24 26 100
2 16 34 100
2 20 15 60
2 15 13 40
2 21 20 70
2 2 0 5
2 27 0 5
2 29 0 5
2 22 25 60
2 23 18 40
2 26 24 15
2 19 15 20
2 10 31 10
2 11 6 10
2 12 32 10
2 4 17 10
2 25 22 10
2 1 31 5
2 5 1 5
2 18 14 5
2 30 23 5
2 8 7 5
2 9 22 5
2 28 25 5
2 3 29 95
1 61
2 10
2 5
2 26
2 15
2 5
2 45
2 40
2 85
2 5
2 110
2 50
2 15
2 70
2 240
2 120
2 20
2 193
2 105
2 5
2 110
2 5
2 20
2 10
2 64
2 110
2 115
2 5
2 5
2 100
2 5
2 80
2 15
2 10
2 105
0
33
2 34 16 100
2 31 10 80
2 13 11 40
2 32 8 15
2 33 18 10
2 14 18 60
2 17 14 60
2 15 19 60
2 26 30 100
2 10 31 100
2 20 15 60
2 25 28 100
2 18 33 100
2 8 7 80
2 2 0 5
2 27 0 5
2 29 0 62
2 24 19 64
2 11 6 50
2 6 11 45
2 3 32 26
2 16 12 20
2 22 34 20
2 12 13 15
2 4 17 10
2 1 31 10
2 23 17 10
2 5 10 5
2 30 26 5
2 19 24 5
2 9 22 5
2 21 16 5
2 28 25 5
2 26
2 5
2 5
2 5
2 10
2 5
2 55
2 125
2 25
2 5
2 105
2 95
2 30
2 55
2 250
2 130
2 115
2 158
2 80
2 129
2 55
2 5
2 10
2 5
2 10
2 20
2 35
2 5
2 105
2 43
2 105
2 115
2 31
2 105
2 30
2
