35 3
0.0 0.5 0
0.125 0.125 0
0.125 0.5 0
0.125 0.875 0
0.25 0.0 0
0.25 0.25 0
0.25 0.375 0
0.25 0.625 0
0.25 0.75 0
0.25 1.0 0
0.375 0.125 0
0.375 0.5 0
0.375 0.875 0
0.5 0.5 1
0.625 0.125 0
0.625 0.5 0
0.625 0.875 0
0.75 0.0 0
0.75 0.25 0
0.75 0.375 0
0.75 0.625 0
0.75 0.75 0
0.75 1.0 0
0.875 0.125 0
0.875 0.5 0
0.875 0.875 0
1.0 0.5 0
0.0625 0.3125 0
0.9375 0.6875 0
0.0625 0.6875 0
0.9375 0.3125 0
0.25 0.125 1
0.25 0.875 1
0.75 0.125 1
0.75 0.875 1
0 0 100 0 0 0 0 0 0 0 0 0 0 0 0 0 0 0 0 0 0 0 0 0 0 0 0 100 0 100 0 0 0 0 0
0 0 0 0 80 80 0 0 0 0 0 0 0 0 0 0 0 0 0 0 0 0 0 0 0 0 0 100 0 0 0 100 0 0 0
100 0 0 0 0 0 80 80 0 0 0 0 0 0 0 0 0 0 0 0 0 0 0 0 0 0 0 0 0 0 0 0 0 0 0
0 0 0 0 0 0 0 0 80 80 0 0 0 0 0 0 0 0 0 0 0 0 0 0 0 0 0 0 0 100 0 0 100 0 0
0 80 0 0 0 0 0 0 0 0 60 0 0 0 0 0 0 10 0 0 0 0 0 0 0 0 0 0 0 0 0 100 0 0 0
0 80 0 0 0 0 80 0 0 0 60 0 0 0 0 0 0 0 0 0 0 0 0 0 0 0 0 0 0 0 0 100 0 0 0
0 0 80 0 0 80 0 0 0 0 0 60 0 0 0 0 0 0 0 0 0 0 0 0 0 0 0 0 0 0 0 0 0 0 0
0 0 80 0 0 0 0 0 80 0 0 60 0 0 0 0 0 0 0 0 0 0 0 0 0 0 0 0 0 0 0 0 0 0 0
0 0 0 80 0 0 0 80 0 0 0 0 60 0 0 0 0 0 0 0 0 0 0 0 0 0 0 0 0 0 0 0 100 0 0
0 0 0 80 0 0 0 0 0 0 0 0 60 0 0 0 0 0 0 0 0 0 10 0 0 0 0 0 0 0 0 0 100 0 0
0 0 0 0 60 60 0 0 0 0 0 0 0 40 20 0 0 0 0 0 0 0 0 0 0 0 0 0 0 0 0 100 0 0 0
0 0 0 0 0 0 60 60 0 0 0 0 0 40 0 0 0 0 0 0 0 0 0 0 0 0 0 0 0 0 0 0 0 0 0
0 0 0 0 0 0 0 0 60 60 0 0 0 40 0 0 20 0 0 0 0 0 0 0 0 0 0 0 0 0 0 0 100 0 0
0 0 0 0 0 0 0 0 0 0 40 40 40 0 40 40 40 0 0 0 0 0 0 0 0 0 0 0 0 0 0 0 0 0 0
0 0 0 0 0 0 0 0 0 0 20 0 0 40 0 0 0 60 60 0 0 0 0 0 0 0 0 0 0 0 0 0 0 100 0
0 0 0 0 0 0 0 0 0 0 0 0 0 40 0 0 0 0 0 60 60 0 0 0 0 0 0 0 0 0 0 0 0 0 0
0 0 0 0 0 0 0 0 0 0 0 0 20 40 0 0 0 0 0 0 0 60 60 0 0 0 0 0 0 0 0 0 0 0 100
0 0 0 0 10 0 0 0 0 0 0 0 0 0 60 0 0 0 0 0 0 0 0 80 0 0 0 0 0 0 0 0 0 100 0
0 0 0 0 0 0 0 0 0 0 0 0 0 0 60 0 0 0 0 80 0 0 0 80 0 0 0 0 0 0 0 0 0 100 0
0 0 0 0 0 0 0 0 0 0 0 0 0 0 0 60 0 0 80 0 0 0 0 0 80 0 0 0 0 0 0 0 0 0 0
0 0 0 0 0 0 0 0 0 0 0 0 0 0 0 60 0 0 0 0 0 80 0 0 80 0 0 0 0 0 0 0 0 0 0
0 0 0 0 0 0 0 0 0 0 0 0 0 0 0 0 60 0 0 0 80 0 0 0 0 80 0 0 0 0 0 0 0 0 100
0 0 0 0 0 0 0 0 0 10 0 0 0 0 0 0 60 0 0 0 0 0 0 0 0 80 0 0 0 0 0 0 0 0 100
0 0 0 0 0 0 0 0 0 0 0 0 0 0 0 0 0 80 80 0 0 0 0 0 0 0 0 0 0 0 100 0 0 100 0
0 0 0 0 0 0 0 0 0 0 0 0 0 0 0 0 0 0 0 80 80 0 0 0 0 0 100 0 0 0 0 0 0 0 0
0 0 0 0 0 0 0 0 0 0 0 0 0 0 0 0 0 0 0 0 0 80 80 0 0 0 0 0 100 0 0 0 0 0 100
0 0 0 0 0 0 0 0 0 0 0 0 0 0 0 0 0 0 0 0 0 0 0 0 100 0 0 0 100 0 100 0 0 0 0
100 100 0 0 0 0 0 0 0 0 0 0 0 0 0 0 0 0 0 0 0 0 0 0 0 0 0 0 0 0 0 0 0 0 0
0 0 0 0 0 0 0 0 0 0 0 0 0 0 0 0 0 0 0 0 0 0 0 0 0 100 100 0 0 0 0 0 0 0 0
100 0 0 100 0 0 0 0 0 0 0 0 0 0 0 0 0 0 0 0 0 0 0 0 0 0 0 0 0 0 0 0 0 0 0
0 0 0 0 0 0 0 0 0 0 0 0 0 0 0 0 0 0 0 0 0 0 0 100 0 0 100 0 0 0 0 0 0 0 0
0 100 0 0 100 100 0 0 0 0 100 0 0 0 0 0 0 0 0 0 0 0 0 0 0 0 0 0 0 0 0 0 0 0 0
0 0 0 100 0 0 0 0 100 100 0 0 100 0 0 0 0 0 0 0 0 0 0 0 0 0 0 0 0 0 0 0 0 0 0
0 0 0 0 0 0 0 0 0 0 0 0 0 0 100 0 0 100 100 0 0 0 0 100 0 0 0 0 0 0 0 0 0 0 0
0 0 0 0 0 0 0 0 0 0 0 0 0 0 0 0 100 0 0 0 0 100 100 0 0 100 0 0 0 0 0 0 0 0 0
0
1 20
0 5
0 5
0 5
0 10
0 10
0 10
0 10
0 10
0 10
0 10
0 10
0 10
0 40
0 10
0 10
0 10
0 10
0 10
0 10
0 10
0 10
0 10
0 5
0 5
0 5
2 20
0 5
0 5
0 5
0 5
0 5
0 5
0 5
0 5
0
0
1 35
0 5
0 5
0 5
0 10
0 10
0 10
0 10
0 10
0 10
0 10
0 10
0 10
0 40
0 10
0 10
0 10
0 10
0 10
0 10
0 10
0 10
0 10
0 5
0 5
0 5
2 35
0 5
0 5
0 5
0 5
0 5
0 5
0 5
0 5
0
3
2 26 24 10
2 26 28 10
2 26 30 10
1 50
2 15
0 5
0 5
0 10
0 10
2 20
0 10
0 10
0 10
0 10
0 10
0 10
0 40
0 10
0 10
0 10
0 10
0 10
0 10
0 10
0 10
0 10
0 5
2 15
0 5
2 35
0 5
2 15
0 5
2 15
0 5
0 5
0 5
0 5
0
6
2 1 4 15
2 6 2 10
2 24 19 15
2 26 24 20
2 28 25 10
2 30 23 10
1 65
2 10
2 15
0 5
2 15
0 10
2 20
0 10
0 10
0 10
0 10
0 10
0 10
0 40
0 10
0 10
0 10
0 10
0 10
2 15
0 10
0 10
0 10
2 15
2 30
2 15
2 45
0 5
2 15
0 5
2 15
0 5
0 5
0 5
0 5
0
9
2 1 27 10
2 2 7 15
2 4 1 15
2 6 2 20
2 19 15 15
2 23 17 15
2 24 19 20
2 25 22 15
2 26 24 35
1 80
2 20
2 25
0 5
2 5
0 10
2 5
2 10
0 10
0 10
0 10
0 10
0 10
0 40
0 10
2 15
0 10
2 10
0 10
2 25
0 10
0 10
2 10
2 5
2 50
2 5
2 25
2 10
2 20
0 5
2 20
0 5
0 5
0 5
0 5
0
10
2 1 4 10
2 2 6 10
2 2 7 15
2 17 4 10
2 19 15 20
2 22 25 10
2 24 19 30
2 26 28 25
2 28 25 10
2 30 23 10
1 95
2 15
2 5
0 5
2 30
0 10
2 20
2 30
0 10
0 10
0 10
0 10
0 10
0 40
0 10
2 45
0 10
2 5
0 10
2 40
0 10
0 10
2 5
2 20
2 25
2 30
2 15
2 15
2 40
0 5
2 15
0 5
0 5
0 5
0 5
0
13
2 1 5 15
2 4 1 20
2 4 17 10
2 6 2 10
2 7 2 10
2 7 8 15
2 15 13 40
2 19 18 15
2 23 17 10
2 24 26 20
2 25 22 10
2 25 34 10
2 28 25 35
1 110
2 25
2 30
0 5
2 5
2 10
2 15
2 10
2 10
0 10
0 10
0 10
0 10
0 0
0 10
2 15
0 10
2 30
2 10
2 30
0 10
0 10
2 20
2 15
2 10
2 50
2 50
2 20
2 10
0 5
2 20
0 5
0 5
0 5
2 10
0
23
1 0 2 100
2 1 4 10
2 1 5 15
2 2 6 20
2 5 31 10
2 6 5 15
2 8 3 10
2 15 13 5
2 17 4 10
2 17 14 15
2 18 33 10
2 19 15 20
2 22 9 10
2 23 18 15
2 25 22 25
2 25 28 15
2 26 24 15
2 26 28 15
2 30 23 20
2 34 16 10
2 34 21 10
2 34 22 10
2 34 25 10
1 25
2 3
1 95
2 8
2 28
2 33
2 23
2 13
2 3
0 0
0 10
0 10
0 10
2 10
2 10
2 35
0 0
2 8
2 18
2 13
0 10
0 0
2 48
2 23
2 28
2 23
2 28
2 23
2 43
0 5
2 3
2 8
0 5
2 8
2 13
0
36
1 2 0 90
2 3 8 8
2 4 1 8
2 4 17 10
2 5 1 8
2 5 10 15
2 6 11 15
2 7 8 8
2 13 16 15
2 15 13 15
2 15 19 18
2 18 14 15
2 22 9 5
2 22 16 5
2 22 25 28
2 23 17 13
2 23 30 8
2 24 19 18
2 25 34 18
2 26 30 8
2 27 1 8
2 28 25 28
2 31 1 16
2 34 16 5
2 13 10 10
2 13 11 10
2 13 12 10
2 13 14 10
2 13 15 10
2 31 4 8
2 31 5 8
2 31 10 8
2 33 14 8
2 33 17 8
2 33 18 8
2 33 23 8
1 130
2 53
1 10
2 10
2 28
2 28
2 18
2 15
2 29
2 15
2 43
2 30
0 0
2 40
2 63
2 32
2 45
2 49
2 21
2 59
0 10
0 0
2 20
2 20
2 20
2 71
2 50
2 25
2 25
2 15
2 29
2 10
0 5
2 18
2 36
0
28
1 0 2 100
2 1 4 33
2 1 31 15
2 4 31 15
2 5 6 23
2 6 2 15
2 7 2 15
2 8 3 15
2 8 12 5
2 9 3 15
2 10 4 33
2 11 6 23
2 13 11 35
2 13 12 5
2 14 10 20
2 14 33 23
2 16 12 5
2 16 13 40
2 17 4 10
2 17 23 25
2 19 15 37
2 22 9 10
2 25 22 25
2 25 28 30
2 26 24 25
2 29 3 15
2 30 23 25
2 34 22 25
1 45
2 10
1 85
2 60
2 94
2 10
2 54
2 5
2 14
2 15
2 40
2 52
2 25
2 50
2 30
2 79
2 10
2 19
2 26
2 27
2 15
0 0
2 65
2 75
2 50
2 21
2 40
2 30
2 60
2 5
2 9
2 45
0 5
2 46
2 16
0
31
1 2 6 80
2 3 8 19
2 3 9 20
2 3 29 10
2 4 1 15
2 4 17 10
2 4 10 45
2 6 5 15
2 8 7 10
2 10 5 15
2 11 7 10
2 12 8 19
2 13 10 40
2 14 17 24
2 15 13 40
2 15 19 32
2 22 9 10
2 22 16 15
2 22 25 26
2 23 17 24
2 23 18 31
2 23 30 14
2 24 19 32
2 25 34 21
2 26 30 14
2 27 1 15
2 28 25 26
2 31 1 15
2 31 5 15
2 33 14 35
2 34 16 15
1 60
2 60
1 10
2 16
2 29
2 60
1 46
2 30
2 47
2 50
2 120
2 52
2 16
2 60
2 51
2 17
2 50
2 82
2 62
2 96
2 20
0 0
2 19
2 11
2 23
2 57
2 41
2 20
2 39
2 20
2 42
2 20
0 5
2 16
2 27
0
28
1 6 2 40
2 1 4 34
2 1 27 25
2 4 31 25
2 5 6 51
2 7 2 15
2 8 3 21
2 9 3 21
2 9 12 21
2 10 4 34
2 10 5 60
2 10 31 25
2 11 6 51
2 13 11 40
2 14 33 21
2 16 12 20
2 16 22 24
2 17 4 10
2 17 14 56
2 18 14 56
2 19 15 22
2 19 18 67
2 25 22 24
2 25 34 32
2 26 24 28
2 30 23 16
2 33 23 16
2 34 22 24
1 75
2 6
1 40
2 63
2 87
2 74
2 11
2 20
2 31
2 13
2 11
2 51
2 67
2 30
2 152
2 49
2 16
2 21
2 78
2 12
2 25
0 0
2 96
2 48
2 56
2 6
2 28
2 50
2 44
2 25
2 31
2 75
0 5
2 26
2 40
0
37
1 2 0 35
2 3 8 36
2 3 9 18
2 4 1 11
2 4 17 10
2 4 10 16
2 5 1 11
2 5 10 16
2 5 6 16
2 8 7 25
2 11 6 16
2 11 7 25
2 12 8 36
2 12 9 18
2 13 10 16
2 14 10 16
2 14 13 35
2 14 17 26
2 14 18 60
2 15 13 35
2 18 23 53
2 18 19 17
2 22 9 10
2 22 16 21
2 22 25 11
2 22 34 45
2 23 17 26
2 24 19 17
2 24 26 33
2 27 1 11
2 28 25 11
2 28 26 33
2 31 1 11
2 31 10 16
2 33 17 26
2 34 16 21
2 34 25 11
1 125
2 55
1 10
2 14
2 55
2 36
2 48
2 75
2 83
2 64
2 101
2 20
2 23
2 94
2 25
2 24
2 68
2 114
2 73
2 51
2 30
0 0
2 14
2 80
2 11
2 44
2 109
2 44
2 5
2 30
2 36
2 53
0 5
2 5
2 58
0
35
1 0 2 100
2 1 5 41
2 6 2 15
2 7 2 15
2 7 11 25
2 8 3 19
2 8 12 28
2 9 3 19
2 9 12 28
2 9 22 10
2 10 4 60
2 10 5 41
2 13 11 25
2 13 12 28
2 13 14 30
2 14 33 10
2 16 12 20
2 16 22 19
2 17 4 10
2 17 14 30
2 17 33 10
2 18 14 30
2 18 33 10
2 19 15 29
2 19 24 16
2 20 15 29
2 23 18 78
2 25 22 19
2 25 28 10
2 26 24 16
2 26 28 10
2 26 30 41
2 29 3 19
2 31 5 41
2 34 22 19
1 40
2 19
1 85
2 76
2 130
2 164
2 38
2 40
2 41
2 12
2 10
2 80
2 137
2 21
2 115
2 92
2 39
2 69
2 116
2 11
2 6
0 0
2 86
2 7
2 48
2 20
2 57
2 49
2 30
2 16
2 82
2 17
0 5
2 40
2 44
0
38
1 2 0 64
2 3 8 46
2 3 9 17
2 4 1 24
2 4 17 10
2 4 10 15
2 4 31 22
2 5 1 24
2 5 10 15
2 5 6 43
2 5 31 22
2 11 6 43
2 12 8 46
2 12 9 17
2 12 13 26
2 12 16 20
2 13 10 15
2 14 10 15
2 14 13 26
2 14 17 60
2 15 13 26
2 15 19 16
2 16 13 26
2 17 23 12
2 17 33 45
2 18 14 60
2 22 9 10
2 22 16 44
2 22 25 25
2 24 19 16
2 26 24 53
2 27 0 45
2 28 25 25
2 30 23 12
2 30 26 62
2 31 10 15
2 33 23 12
2 34 16 44
1 74
2 72
1 26
2 18
2 64
2 65
2 129
2 45
2 138
2 61
2 95
2 47
2 38
2 120
2 84
2 60
2 131
2 87
2 61
2 48
2 11
0 0
2 12
2 48
2 90
2 75
2 81
2 9
2 10
2 21
2 13
2 51
0 5
2 78
2 5
0
28
2 1 4 69
2 4 31 56
2 5 31 56
2 6 2 31
2 6 5 70
2 7 2 31
2 8 3 23
2 8 7 50
2 8 12 43
2 9 3 23
2 10 4 60
2 13 10 40
2 14 18 60
2 15 19 53
2 16 12 20
2 16 22 17
2 16 34 10
2 17 4 10
2 18 23 53
2 22 34 10
2 23 30 18
2 24 19 53
2 25 22 17
2 25 28 15
2 25 34 10
2 26 28 15
2 26 30 18
2 33 18 66
1 89
2 8
2 31
2 69
2 152
2 84
2 33
2 69
2 27
2 43
2 85
2 57
2 111
2 90
2 34
2 17
2 94
2 82
2 139
2 159
2 16
0 0
2 41
2 88
2 42
2 38
2 63
2 14
2 45
2 26
2 54
2 168
0 5
2 17
2 40
0
28
2 3 8 32
2 3 29 31
2 4 1 13
2 4 17 10
2 5 1 13
2 5 6 38
2 7 2 36
2 7 8 32
2 9 22 10
2 10 5 60
2 11 6 38
2 12 8 32
2 12 9 48
2 13 10 40
2 14 33 22
2 16 13 40
2 17 14 39
2 17 33 22
2 18 14 39
2 18 23 80
2 19 15 22
2 19 18 80
2 23 17 80
2 26 24 47
2 27 1 13
2 28 25 43
2 31 1 13
2 31 4 100
1 104
2 65
2 72
2 11
2 234
2 98
2 114
2 6
2 128
2 86
2 75
2 29
2 41
2 100
2 100
2 49
2 64
2 116
2 105
2 62
2 21
0 0
2 56
2 93
2 94
2 86
2 31
2 6
2 7
2 62
2 59
2 60
0 5
2 66
2 45
0
29
1 0 2 100
2 1 27 11
2 2 7 11
2 4 1 70
2 4 17 10
2 5 1 70
2 6 2 77
2 6 11 34
2 8 3 16
2 8 7 11
2 8 12 46
2 9 3 16
2 9 12 46
2 10 31 65
2 11 7 11
2 13 10 40
2 14 10 20
2 16 12 20
2 17 14 60
2 18 14 60
2 19 15 54
2 22 34 50
2 23 30 64
2 24 19 67
2 25 22 61
2 25 28 12
2 26 28 12
2 29 3 16
2 30 26 36
1 19
2 199
2 43
2 64
2 159
2 33
2 8
2 44
2 60
2 29
2 80
2 62
2 163
2 70
2 210
2 113
2 54
2 71
2 50
2 80
2 26
0 0
2 72
2 34
2 32
2 18
2 70
2 22
2 36
2 51
2 92
2 130
0 5
2 71
2 100
0
33
2 1 4 80
2 1 5 38
2 2 0 24
2 2 6 13
2 4 17 10
2 4 10 60
2 5 6 13
2 8 7 49
2 10 5 38
2 11 6 13
2 11 7 49
2 12 8 60
2 12 9 34
2 12 13 40
2 13 11 40
2 14 10 20
2 14 13 40
2 14 18 55
2 15 13 40
2 17 23 39
2 18 23 39
2 19 18 55
2 22 9 10
2 22 25 23
2 26 24 37
2 28 25 23
2 29 0 24
2 30 23 39
2 31 5 38
2 31 10 85
2 33 18 55
2 34 16 59
2 34 25 23
2 34
2 86
2 11
2 69
2 174
2 139
2 52
2 147
2 76
2 78
2 217
2 50
2 39
2 160
2 105
2 83
2 123
2 47
2 181
2 30
2 31
0 0
2 44
2 156
2 74
2 92
2 48
2 27
2 18
2 32
2 58
2 12
0 5
2 21
2 23
2
