35 3
0.0 0.5 0
0.125 0.125 0
0.125 0.5 0
0.125 0.875 0
0.25 0.0 0
0.25 0.25 0
0.25 0.375 0
0.25 0.625 0
0.25 0.75 0
0.25 1.0 0
0.375 0.125 0
0.375 0.5 0
0.375 0.875 0
0.5 0.5 1
0.625 0.125 0
0.625 0.5 0
0.625 0.875 0
0.75 0.0 0
0.75 0.25 0
0.75 0.375 0
0.75 0.625 0
0.75 0.75 0
0.75 1.0 0
0.875 0.125 0
0.875 0.5 0
0.875 0.875 0
1.0 0.5 0
0.0625 0.3125 0
0.9375 0.6875 0
0.0625 0.6875 0
0.9375 0.3125 0
0.25 0.125 1
0.25 0.875 1
0.75 0.125 1
0.75 0.875 1
0 0 100 0 0 0 0 0 0 0 0 0 0 0 0 0 0 0 0 0 0 0 0 0 0 0 0 100 0 100 0 0 0 0 0
0 0 0 0 80 80 0 0 0 0 0 0 0 0 0 0 0 0 0 0 0 0 0 0 0 0 0 100 0 0 0 100 0 0 0
100 0 0 0 0 0 80 80 0 0 0 0 0 0 0 0 0 0 0 0 0 0 0 0 0 0 0 0 0 0 0 0 0 0 0
0 0 0 0 0 0 0 0 80 80 0 0 0 0 0 0 0 0 0 0 0 0 0 0 0 0 0 0 0 100 0 0 100 0 0
0 80 0 0 0 0 0 0 0 0 60 0 0 0 0 0 0 10 0 0 0 0 0 0 0 0 0 0 0 0 0 100 0 0 0
0 80 0 0 0 0 80 0 0 0 60 0 0 0 0 0 0 0 0 0 0 0 0 0 0 0 0 0 0 0 0 100 0 0 0
0 0 80 0 0 80 0 0 0 0 0 60 0 0 0 0 0 0 0 0 0 0 0 0 0 0 0 0 0 0 0 0 0 0 0
0 0 80 0 0 0 0 0 80 0 0 60 0 0 0 0 0 0 0 0 0 0 0 0 0 0 0 0 0 0 0 0 0 0 0
0 0 0 80 0 0 0 80 0 0 0 0 60 0 0 0 0 0 0 0 0 0 0 0 0 0 0 0 0 0 0 0 100 0 0
0 0 0 80 0 0 0 0 0 0 0 0 60 0 0 0 0 0 0 0 0 0 10 0 0 0 0 0 0 0 0 0 100 0 0
0 0 0 0 60 60 0 0 0 0 0 0 0 40 20 0 0 0 0 0 0 0 0 0 0 0 0 0 0 0 0 100 0 0 0
0 0 0 0 0 0 60 60 0 0 0 0 0 40 0 0 0 0 0 0 0 0 0 0 0 0 0 0 0 0 0 0 0 0 0
0 0 0 0 0 0 0 0 60 60 0 0 0 40 0 0 20 0 0 0 0 0 0 0 0 0 0 0 0 0 0 0 100 0 0
0 0 0 0 0 0 0 0 0 0 40 40 40 0 40 40 40 0 0 0 0 0 0 0 0 0 0 0 0 0 0 0 0 0 0
0 0 0 0 0 0 0 0 0 0 20 0 0 40 0 0 0 60 60 0 0 0 0 0 0 0 0 0 0 0 0 0 0 100 0
0 0 0 0 0 0 0 0 0 0 0 0 0 40 0 0 0 0 0 60 60 0 0 0 0 0 0 0 0 0 0 0 0 0 0
0 0 0 0 0 0 0 0 0 0 0 0 20 40 0 0 0 0 0 0 0 60 60 0 0 0 0 0 0 0 0 0 0 0 100
0 0 0 0 10 0 0 0 0 0 0 0 0 0 60 0 0 0 0 0 0 0 0 80 0 0 0 0 0 0 0 0 0 100 0
0 0 0 0 0 0 0 0 0 0 0 0 0 0 60 0 0 0 0 80 0 0 0 80 0 0 0 0 0 0 0 0 0 100 0
0 0 0 0 0 0 0 0 0 0 0 0 0 0 0 60 0 0 80 0 0 0 0 0 80 0 0 0 0 0 0 0 0 0 0
0 0 0 0 0 0 0 0 0 0 0 0 0 0 0 60 0 0 0 0 0 80 0 0 80 0 0 0 0 0 0 0 0 0 0
0 0 0 0 0 0 0 0 0 0 0 0 0 0 0 0 60 0 0 0 80 0 0 0 0 80 0 0 0 0 0 0 0 0 100
0 0 0 0 0 0 0 0 0 10 0 0 0 0 0 0 60 0 0 0 0 0 0 0 0 80 0 0 0 0 0 0 0 0 100
0 0 0 0 0 0 0 0 0 0 0 0 0 0 0 0 0 80 80 0 0 0 0 0 0 0 0 0 0 0 100 0 0 100 0
0 0 0 0 0 0 0 0 0 0 0 0 0 0 0 0 0 0 0 80 80 0 0 0 0 0 100 0 0 0 0 0 0 0 0
0 0 0 0 0 0 0 0 0 0 0 0 0 0 0 0 0 0 0 0 0 80 80 0 0 0 0 0 100 0 0 0 0 0 100
0 0 0 0 0 0 0 0 0 0 0 0 0 0 0 0 0 0 0 0 0 0 0 0 100 0 0 0 100 0 100 0 0 0 0
100 100 0 0 0 0 0 0 0 0 0 0 0 0 0 0 0 0 0 0 0 0 0 0 0 0 0 0 0 0 0 0 0 0 0
0 0 0 0 0 0 0 0 0 0 0 0 0 0 0 0 0 0 0 0 0 0 0 0 0 100 100 0 0 0 0 0 0 0 0
100 0 0 100 0 0 0 0 0 0 0 0 0 0 0 0 0 0 0 0 0 0 0 0 0 0 0 0 0 0 0 0 0 0 0
0 0 0 0 0 0 0 0 0 0 0 0 0 0 0 0 0 0 0 0 0 0 0 100 0 0 100 0 0 0 0 0 0 0 0
0 100 0 0 100 100 0 0 0 0 100 0 0 0 0 0 0 0 0 0 0 0 0 0 0 0 0 0 0 0 0 0 0 0 0
0 0 0 100 0 0 0 0 100 100 0 0 100 0 0 0 0 0 0 0 0 0 0 0 0 0 0 0 0 0 0 0 0 0 0
0 0 0 0 0 0 0 0 0 0 0 0 0 0 100 0 0 100 100 0 0 0 0 100 0 0 0 0 0 0 0 0 0 0 0
0 0 0 0 0 0 0 0 0 0 0 0 0 0 0 0 100 0 0 0 0 100 100 0 0 100 0 0 0 0 0 0 0 0 0
0
1 20
0 5
0 5
0 5
0 10
0 10
0 10
0 10
0 10
0 10
0 10
0 10
0 10
0 40
0 10
0 10
0 10
0 10
0 10
0 10
0 10
0 10
0 10
0 5
0 5
0 5
2 20
0 5
0 5
0 5
0 5
0 5
0 5
0 5
0 5
0
0
1 35
0 5
0 5
0 5
0 10
0 10
0 10
0 10
0 10
0 10
0 10
0 10
0 10
0 40
0 10
0 10
0 10
0 10
0 10
0 10
0 10
0 10
0 10
0 5
0 5
0 5
2 35
0 5
0 5
0 5
0 5
0 5
0 5
0 5
0 5
0
3
2 26 24 6
2 26 28 6
2 26 30 6
1 50
0 5
0 5
0 5
0 10
0 10
0 10
0 10
0 10
0 10
0 10
0 10
0 10
0 40
0 10
0 10
0 10
0 10
0 10
0 10
0 10
0 10
0 10
0 5
2 1
0 5
2 17
0 5
2 1
0 5
2 1
0 5
0 5
0 5
0 5
0
1
2 26 30 16
1 65
0 5
0 5
0 5
0 10
0 10
0 10
0 10
0 10
0 10
0 10
0 10
0 10
0 40
0 10
0 10
0 10
0 10
0 10
0 10
0 10
0 10
0 10
0 5
2 6
0 5
2 16
0 5
2 6
0 5
2 22
0 5
0 5
0 5
0 5
0
3
2 26 30 15
2 28 25 5
2 30 23 6
1 80
0 5
0 5
0 5
0 10
0 10
0 10
0 10
0 10
0 10
2 20
0 10
0 10
0 40
0 10
0 10
0 10
0 10
0 10
0 10
0 10
0 10
0 10
2 6
2 11
0 0
2 16
0 5
2 6
0 5
2 36
0 5
0 5
0 5
0 5
0
7
2 10 31 6
2 10 4 11
2 23 33 5
2 24 19 10
2 26 30 15
2 28 25 1
2 30 26 35
1 95
0 5
0 5
0 5
2 6
0 10
0 10
0 10
0 10
0 10
2 13
0 10
0 10
0 40
0 10
0 10
0 10
0 10
0 10
0 0
0 10
0 10
0 10
2 6
2 6
2 6
2 51
0 5
2 10
0 5
2 21
2 6
0 5
0 0
0 5
0
12
2 4 1 5
2 10 5 11
2 23 33 1
2 24 19 1
2 25 34 5
2 26 30 50
2 28 26 9
2 30 26 20
2 31 1 11
2 31 4 6
2 31 5 6
2 31 10 6
1 110
2 5
0 5
2 5
2 7
2 10
0 10
0 10
0 10
0 10
2 8
0 10
0 10
0 40
0 10
0 10
0 10
0 10
0 10
2 1
0 10
0 10
0 10
2 5
2 5
2 1
2 30
0 5
2 1
0 5
2 51
2 1
0 5
2 1
0 0
0
7
1 0 2 100
2 26 30 29
2 30 26 50
2 33 14 1
2 33 17 1
2 33 18 1
2 33 23 1
1 18
2 10
1 98
2 10
2 12
2 15
0 10
0 10
0 10
0 10
2 18
0 10
0 10
0 40
0 9
0 10
0 10
0 9
0 9
2 6
0 10
0 10
0 10
2 11
2 10
2 6
2 66
0 5
2 6
0 5
2 35
2 6
0 5
2 6
0 0
0
12
1 2 0 88
2 1 27 6
2 3 32 6
2 4 17 10
2 5 6 11
2 10 14 10
2 23 17 10
2 25 34 1
2 26 30 65
2 28 26 5
2 30 26 34
2 31 10 5
1 121
2 9
2 15
2 9
2 7
2 9
2 6
0 10
0 10
0 10
2 23
0 10
0 10
0 40
2 11
0 10
0 10
2 14
0 9
2 11
0 10
0 10
0 10
2 6
2 15
2 10
2 55
2 6
2 6
0 5
2 71
2 6
2 6
2 11
2 6
0
24
1 0 2 100
2 1 31 8
2 2 7 11
2 3 29 6
2 4 31 6
2 5 31 8
2 14 18 10
2 17 33 13
2 19 18 10
2 24 20 11
2 26 30 54
2 27 0 5
2 28 26 5
2 30 26 70
2 31 10 5
2 33 18 10
2 32 3 6
2 32 8 6
2 32 9 6
2 32 12 6
2 34 16 6
2 34 21 6
2 34 22 6
2 34 25 6
2 31
2 6
1 101
2 14
2 6
2 6
2 11
2 6
0 4
0 4
2 38
0 10
0 4
0 40
2 11
0 10
0 4
2 6
2 26
2 6
2 6
0 4
0 4
2 11
2 9
2 21
2 91
2 6
2 6
2 6
2 60
2 28
2 11
2 19
2 11
0
27
1 2 0 100
2 0 2 30
2 1 31 5
2 3 8 5
2 3 9 5
2 4 31 5
2 5 31 5
2 6 11 10
2 7 8 5
2 17 33 5
2 18 33 25
2 20 21 5
2 23 33 10
2 24 26 8
2 25 21 5
2 25 22 5
2 26 30 90
2 27 1 5
2 28 26 5
2 29 3 5
2 30 26 59
2 31 10 27
2 32 8 5
2 32 9 5
2 33 23 18
2 34 16 5
2 34 21 5
2 114
2 11
2 34
2 14
2 6
2 6
2 6
2 6
2 16
2 9
2 75
0 0
0 4
0 40
2 21
0 10
2 11
2 6
2 6
2 11
2 6
2 16
2 6
2 24
2 6
2 16
2 88
2 6
2 6
2 6
2 96
2 21
2 6
2 46
2 6
2
