35 3
0.0 0.5 0
0.125 0.125 0
0.125 0.5 0
0.125 0.875 0
0.25 0.0 0
0.25 0.25 0
0.25 0.375 0
0.25 0.625 0
0.25 0.75 0
0.25 1.0 0
0.375 0.125 0
0.375 0.5 0
0.375 0.875 0
0.5 0.5 1
0.625 0.125 0
0.625 0.5 0
0.625 0.875 0
0.75 0.0 0
0.75 0.25 0
0.75 0.375 0
0.75 0.625 0
0.75 0.75 0
0.75 1.0 0
0.875 0.125 0
0.875 0.5 0
0.875 0.875 0
1.0 0.5 0
0.0625 0.3125 0
0.9375 0.6875 0
0.0625 0.6875 0
0.9375 0.3125 0
0.25 0.125 1
0.25 0.875 1
0.75 0.125 1
0.75 0.875 1
0 0 100 0 0 0 0 0 0 0 0 0 0 0 0 0 0 0 0 0 0 0 0 0 0 0 0 100 0 100 0 0 0 0 0
0 0 0 0 80 80 0 0 0 0 0 0 0 0 0 0 0 0 0 0 0 0 0 0 0 0 0 100 0 0 0 100 0 0 0
100 0 0 0 0 0 80 80 0 0 0 0 0 0 0 0 0 0 0 0 0 0 0 0 0 0 0 0 0 0 0 0 0 0 0
0 0 0 0 0 0 0 0 80 80 0 0 0 0 0 0 0 0 0 0 0 0 0 0 0 0 0 0 0 100 0 0 100 0 0
0 80 0 0 0 0 0 0 0 0 60 0 0 0 0 0 0 10 0 0 0 0 0 0 0 0 0 0 0 0 0 100 0 0 0
0 80 0 0 0 0 80 0 0 0 60 0 0 0 0 0 0 0 0 0 0 0 0 0 0 0 0 0 0 0 0 100 0 0 0
0 0 80 0 0 80 0 0 0 0 0 60 0 0 0 0 0 0 0 0 0 0 0 0 0 0 0 0 0 0 0 0 0 0 0
0 0 80 0 0 0 0 0 80 0 0 60 0 0 0 0 0 0 0 0 0 0 0 0 0 0 0 0 0 0 0 0 0 0 0
0 0 0 80 0 0 0 80 0 0 0 0 60 0 0 0 0 0 0 0 0 0 0 0 0 0 0 0 0 0 0 0 100 0 0
0 0 0 80 0 0 0 0 0 0 0 0 60 0 0 0 0 0 0 0 0 0 10 0 0 0 0 0 0 0 0 0 100 0 0
0 0 0 0 60 60 0 0 0 0 0 0 0 40 20 0 0 0 0 0 0 0 0 0 0 0 0 0 0 0 0 100 0 0 0
0 0 0 0 0 0 60 60 0 0 0 0 0 40 0 0 0 0 0 0 0 0 0 0 0 0 0 0 0 0 0 0 0 0 0
0 0 0 0 0 0 0 0 60 60 0 0 0 40 0 0 20 0 0 0 0 0 0 0 0 0 0 0 0 0 0 0 100 0 0
0 0 0 0 0 0 0 0 0 0 40 40 40 0 40 40 40 0 0 0 0 0 0 0 0 0 0 0 0 0 0 0 0 0 0
0 0 0 0 0 0 0 0 0 0 20 0 0 40 0 0 0 60 60 0 0 0 0 0 0 0 0 0 0 0 0 0 0 100 0
0 0 0 0 0 0 0 0 0 0 0 0 0 40 0 0 0 0 0 60 60 0 0 0 0 0 0 0 0 0 0 0 0 0 0
0 0 0 0 0 0 0 0 0 0 0 0 20 40 0 0 0 0 0 0 0 60 60 0 0 0 0 0 0 0 0 0 0 0 100
0 0 0 0 10 0 0 0 0 0 0 0 0 0 60 0 0 0 0 0 0 0 0 80 0 0 0 0 0 0 0 0 0 100 0
0 0 0 0 0 0 0 0 0 0 0 0 0 0 60 0 0 0 0 80 0 0 0 80 0 0 0 0 0 0 0 0 0 100 0
0 0 0 0 0 0 0 0 0 0 0 0 0 0 0 60 0 0 80 0 0 0 0 0 80 0 0 0 0 0 0 0 0 0 0
0 0 0 0 0 0 0 0 0 0 0 0 0 0 0 60 0 0 0 0 0 80 0 0 80 0 0 0 0 0 0 0 0 0 0
0 0 0 0 0 0 0 0 0 0 0 0 0 0 0 0 60 0 0 0 80 0 0 0 0 80 0 0 0 0 0 0 0 0 100
0 0 0 0 0 0 0 0 0 10 0 0 0 0 0 0 60 0 0 0 0 0 0 0 0 80 0 0 0 0 0 0 0 0 100
0 0 0 0 0 0 0 0 0 0 0 0 0 0 0 0 0 80 80 0 0 0 0 0 0 0 0 0 0 0 100 0 0 100 0
0 0 0 0 0 0 0 0 0 0 0 0 0 0 0 0 0 0 0 80 80 0 0 0 0 0 100 0 0 0 0 0 0 0 0
0 0 0 0 0 0 0 0 0 0 0 0 0 0 0 0 0 0 0 0 0 80 80 0 0 0 0 0 100 0 0 0 0 0 100
0 0 0 0 0 0 0 0 0 0 0 0 0 0 0 0 0 0 0 0 0 0 0 0 100 0 0 0 100 0 100 0 0 0 0
100 100 0 0 0 0 0 0 0 0 0 0 0 0 0 0 0 0 0 0 0 0 0 0 0 0 0 0 0 0 0 0 0 0 0
0 0 0 0 0 0 0 0 0 0 0 0 0 0 0 0 0 0 0 0 0 0 0 0 0 100 100 0 0 0 0 0 0 0 0
100 0 0 100 0 0 0 0 0 0 0 0 0 0 0 0 0 0 0 0 0 0 0 0 0 0 0 0 0 0 0 0 0 0 0
0 0 0 0 0 0 0 0 0 0 0 0 0 0 0 0 0 0 0 0 0 0 0 100 0 0 100 0 0 0 0 0 0 0 0
0 100 0 0 100 100 0 0 0 0 100 0 0 0 0 0 0 0 0 0 0 0 0 0 0 0 0 0 0 0 0 0 0 0 0
0 0 0 100 0 0 0 0 100 100 0 0 100 0 0 0 0 0 0 0 0 0 0 0 0 0 0 0 0 0 0 0 0 0 0
0 0 0 0 0 0 0 0 0 0 0 0 0 0 100 0 0 100 100 0 0 0 0 100 0 0 0 0 0 0 0 0 0 0 0
0 0 0 0 0 0 0 0 0 0 0 0 0 0 0 0 100 0 0 0 0 100 100 0 0 100 0 0 0 0 0 0 0 0 0
0
1 20
0 5
0 5
0 5
0 10
0 10
0 10
0 10
0 10
0 10
0 10
0 10
0 10
0 40
0 10
0 10
0 10
0 10
0 10
0 10
0 10
0 10
0 10
0 5
0 5
0 5
2 20
0 5
0 5
0 5
0 5
0 5
0 5
0 5
0 5
0
0
1 35
0 5
0 5
0 5
0 10
0 10
0 10
0 10
0 10
0 10
0 10
0 10
0 10
0 40
0 10
0 10
0 10
0 10
0 10
0 10
0 10
0 10
0 10
0 5
0 5
0 5
2 35
0 5
0 5
0 5
0 5
0 5
0 5
0 5
0 5
0
6
1 0 2 6
1 0 27 6
1 0 29 6
2 26 24 10
2 26 28 8
2 26 30 16
1 32
0 5
1 6
0 5
0 10
0 10
0 10
0 10
1 15
0 10
0 10
0 10
0 10
0 40
0 10
0 10
0 10
0 10
0 10
0 10
0 10
0 10
0 10
0 5
1 10
0 5
2 16
1 6
2 8
1 6
2 16
0 5
0 5
0 5
0 5
0
5
1 0 29 31
1 8 32 6
1 8 3 6
1 27 1 5
1 29 3 5
1 1
0 0
1 6
1 5
0 10
0 10
0 10
0 10
1 3
0 10
0 10
0 10
0 10
0 40
0 10
0 10
0 10
0 10
0 10
0 10
0 10
0 10
0 10
0 5
1 10
0 5
2 31
1 1
2 13
1 32
2 21
0 5
1 1
0 5
0 5
0
8
1 29 3 31
2 26 24 30
2 28 25 12
2 30 23 20
1 32 3 1
1 32 8 1
1 32 9 1
1 32 12 1
1 16
0 0
1 11
1 42
0 10
0 10
0 10
0 10
2 9
0 9
0 10
0 10
0 9
0 40
0 10
0 10
0 10
0 10
0 10
0 10
0 10
0 10
0 10
2 20
2 25
2 12
2 16
1 6
2 6
1 6
2 6
0 5
1 6
0 5
0 5
0
16
1 0 29 15
1 2 6 10
1 3 8 10
1 3 9 10
1 27 1 1
1 29 3 5
2 8 3 2
2 8 7 1
2 8 12 2
2 8 32 1
2 23 33 19
2 24 19 24
2 25 34 11
2 26 24 15
2 28 25 5
2 30 23 5
1 16
1 6
1 6
1 30
0 10
0 10
0 0
0 9
1 12
1 6
0 10
0 10
0 7
0 40
0 10
0 10
0 10
0 10
0 10
2 19
0 10
0 10
0 10
2 11
2 21
2 11
2 16
1 10
2 6
1 21
2 6
0 5
1 10
2 19
2 11
0
26
1 0 29 15
1 1 31 5
1 2 6 1
1 3 32 29
1 8 12 8
1 27 1 9
1 29 3 20
1 32 12 8
2 19 18 18
2 23 18 10
2 24 20 20
2 25 28 2
2 25 34 6
2 26 24 2
2 26 28 11
2 26 30 1
2 28 25 5
2 30 23 5
2 33 18 37
2 34 25 21
2 33 14 19
2 33 17 19
2 33 23 19
2 34 16 11
2 34 21 11
2 34 22 11
2 1
1 15
1 10
1 26
0 10
0 10
1 6
0 9
1 9
1 11
0 10
0 10
1 17
0 40
2 9
0 10
2 1
2 9
2 55
2 1
1 15
2 1
2 1
2 25
2 3
2 29
2 2
1 6
2 14
1 21
2 2
0 0
2 31
2 1
2 7
0
29
1 1 31 1
1 1 4 11
1 2 0 2
1 9 22 2
1 12 16 2
1 20 21 2
1 20 24 4
1 27 0 2
1 29 0 2
2 14 17 1
2 14 18 3
2 14 33 1
2 17 14 7
2 17 33 1
2 18 14 43
2 18 19 11
2 23 17 15
2 23 18 6
2 23 33 2
2 24 19 2
2 25 21 9
2 25 22 9
2 25 34 9
2 26 24 1
2 28 25 2
2 28 26 11
2 30 23 1
2 32 9 30
2 34 16 6
1 20
1 8
1 13
1 31
1 6
0 10
1 11
0 9
1 14
2 26
0 10
0 10
1 25
0 40
2 64
0 10
1 15
2 22
2 15
2 19
1 14
2 13
2 13
2 8
1 7
2 9
2 27
1 9
2 6
1 24
2 6
1 6
2 6
2 10
2 15
0
35
1 0 29 19
1 2 7 10
1 3 32 7
1 6 5 10
1 8 32 7
1 12 32 7
1 16 21 14
1 20 15 11
1 27 1 8
1 29 3 23
2 9 22 10
2 9 32 1
2 14 10 20
2 17 4 10
2 17 14 11
2 18 19 14
2 19 24 18
2 21 25 4
2 21 34 6
2 22 9 10
2 23 17 1
2 23 18 1
2 23 33 4
2 25 21 6
2 25 28 1
2 26 24 26
2 28 26 5
2 30 26 5
2 32 9 5
2 33 14 9
2 34 21 13
1 31 1 6
1 31 4 6
1 31 5 6
1 31 10 6
1 16
1 27
1 8
1 52
1 7
1 15
1 6
1 6
1 12
2 35
2 20
0 10
1 28
0 40
2 74
1 11
1 11
2 7
2 7
2 20
1 8
2 13
2 18
2 7
2 12
2 11
2 26
1 6
2 7
1 25
2 6
1 11
1 24
2 10
2 13
0
39
1 0 29 15
1 1 31 26
1 2 7 7
1 3 9 36
1 8 32 11
1 27 1 5
1 29 3 24
2 9 22 10
2 10 4 19
2 14 10 20
2 14 17 4
2 14 18 28
2 14 33 18
2 17 4 5
2 17 14 1
2 18 19 5
2 19 18 9
2 19 24 9
2 21 20 12
2 22 9 10
2 22 25 1
2 22 34 4
2 23 17 2
2 23 18 3
2 24 19 1
2 24 20 10
2 25 21 10
2 26 24 25
2 28 25 5
2 28 26 1
2 30 23 1
2 30 26 4
2 33 17 6
2 33 18 2
2 34 21 12
1 32 3 24
1 32 8 24
1 32 9 24
1 32 12 24
1 16
1 11
1 6
1 69
2 12
1 20
1 11
1 18
1 30
1 40
2 31
0 10
1 62
0 40
2 15
1 21
1 21
2 18
2 49
2 13
2 13
2 28
2 18
2 8
2 40
2 12
2 21
1 6
2 6
1 21
2 6
1 42
1 40
2 25
2 10
0
44
1 0 29 15
1 2 7 5
1 3 32 68
1 6 11 10
1 7 11 11
1 8 32 29
1 12 13 40
1 15 19 14
1 16 34 11
1 27 1 5
1 29 3 20
1 31 4 13
1 32 12 39
2 4 17 7
2 4 10 3
2 10 4 30
2 14 10 4
2 14 17 2
2 14 18 1
2 14 33 5
2 17 4 10
2 17 14 6
2 18 19 48
2 19 18 3
2 19 24 8
2 20 24 2
2 20 21 9
2 21 20 27
2 22 25 13
2 22 34 2
2 23 17 4
2 23 18 1
2 23 33 2
2 24 19 14
2 24 20 25
2 25 22 11
2 26 24 20
2 28 25 4
2 28 26 1
2 30 26 5
2 33 14 1
2 33 17 2
2 33 18 20
2 34 22 9
1 31
1 26
1 11
1 31
2 34
1 30
1 11
1 22
1 11
1 50
2 18
1 30
1 81
0 0
2 20
1 27
1 30
2 22
2 31
2 55
2 59
2 15
2 28
2 6
2 36
2 23
2 22
1 11
2 6
1 26
2 6
1 39
1 108
2 14
1 18
0
47
1 0 29 30
1 2 7 10
1 3 32 30
1 5 10 19
1 6 11 10
1 7 11 21
1 8 32 10
1 11 13 1
1 12 13 1
1 15 13 1
1 16 13 1
1 16 21 16
1 27 1 10
1 29 3 25
1 31 10 19
1 32 12 100
1 34 21 34
2 4 17 10
2 10 4 16
2 10 13 1
2 14 13 19
2 17 4 10
2 17 14 6
2 18 19 30
2 19 15 54
2 20 15 58
2 21 20 13
2 21 25 1
2 22 25 6
2 22 34 19
2 23 18 3
2 23 33 2
2 24 19 16
2 24 20 19
2 25 22 1
2 25 34 21
2 26 24 16
2 26 28 5
2 28 25 5
2 30 23 5
2 33 14 2
2 33 17 4
2 33 18 2
2 33 23 3
1 34 16 18
1 34 22 18
1 34 25 18
1 16
1 41
1 6
1 31
2 55
1 16
1 6
1 16
1 6
1 55
1 11
1 70
1 190
2 10
2 19
2 36
1 41
2 25
2 11
2 52
2 38
1 6
1 19
2 14
2 22
1 10
2 16
1 6
2 11
1 36
2 6
1 25
1 53
2 10
2 7
0
51
1 0 29 15
1 2 7 5
1 3 32 30
1 5 31 15
1 6 11 5
1 7 11 15
1 8 32 5
1 9 32 54
1 10 13 10
1 11 13 11
1 12 13 11
1 16 34 8
1 16 13 11
1 22 34 8
1 25 34 8
1 27 1 5
1 29 3 35
1 32 12 52
2 4 10 54
2 13 10 16
2 13 15 11
2 14 10 18
2 15 13 16
2 15 20 19
2 17 4 10
2 17 14 2
2 17 33 11
2 18 14 5
2 18 33 4
2 19 15 13
2 19 18 14
2 19 24 24
2 20 21 37
2 23 17 7
2 23 18 3
2 23 33 3
2 24 20 21
2 26 28 15
2 28 25 10
2 30 23 1
2 30 26 4
2 33 17 1
2 33 18 7
2 34 21 9
2 34 25 11
2 13 11 10
2 13 12 10
2 13 14 10
2 13 16 10
2 34 16 7
2 34 22 7
1 16
1 51
1 6
1 41
2 16
1 6
1 6
1 11
1 6
1 6
2 97
1 79
1 231
1 29
2 28
2 35
1 15
2 15
2 31
2 6
2 46
2 11
1 9
2 7
2 30
2 7
2 20
1 6
2 21
1 21
2 6
1 45
1 95
2 25
1 28
0
62
1 0 29 15
1 1 4 17
1 2 7 5
1 3 32 40
1 6 11 5
1 7 11 10
1 8 32 5
1 9 32 5
1 11 13 40
1 12 32 100
1 13 14 57
1 16 21 12
1 22 25 8
1 27 1 5
1 29 3 20
1 31 4 17
1 32 12 94
1 34 25 36
1 34 21 40
2 4 17 10
2 10 4 36
2 10 5 60
2 14 10 3
2 14 13 18
2 14 17 1
2 14 18 2
2 14 33 1
2 15 13 28
2 15 19 3
2 15 20 2
2 17 4 10
2 17 14 2
2 17 33 1
2 18 14 17
2 18 19 2
2 18 33 10
2 19 15 5
2 20 15 24
2 20 21 21
2 21 20 4
2 21 25 5
2 23 17 2
2 23 18 2
2 23 33 2
2 24 19 15
2 24 20 14
2 25 21 4
2 25 28 1
2 26 28 19
2 28 25 20
2 30 23 1
2 30 26 4
2 33 14 16
2 33 17 6
2 33 18 2
1 13 10 29
1 13 11 29
1 13 12 29
1 13 15 29
1 13 16 29
1 34 16 28
1 34 22 28
1 16
1 44
1 6
1 26
2 23
2 59
1 6
1 11
1 6
1 6
1 35
1 93
1 264
2 51
1 29
2 12
1 70
2 26
2 13
2 26
2 26
1 32
1 34
2 7
2 6
1 32
2 20
1 6
2 26
1 21
2 6
1 33
1 156
2 20
1 13
0
43
1 0 29 15
1 1 4 24
1 2 7 5
1 3 32 25
1 7 11 10
1 8 32 5
1 9 32 5
1 10 4 24
1 14 33 21
1 21 20 27
1 22 34 33
1 25 28 27
1 27 1 5
1 29 3 20
1 31 4 24
1 32 12 100
1 34 25 12
2 4 10 22
2 5 10 49
2 5 6 9
2 13 10 91
2 15 13 7
2 15 20 4
2 17 4 10
2 17 23 8
2 17 33 1
2 18 19 5
2 18 33 5
2 19 18 25
2 20 15 12
2 20 24 12
2 23 18 6
2 24 20 5
2 26 28 19
2 28 26 25
2 30 23 4
2 30 26 1
2 33 18 19
2 13 11 51
2 13 12 51
2 13 14 51
2 13 15 51
2 13 16 51
1 16
1 30
1 6
1 26
1 66
2 6
2 8
1 11
1 6
1 6
2 161
1 62
1 323
2 28
2 53
2 74
1 29
2 12
2 58
2 11
1 21
1 10
1 6
2 18
2 18
1 22
2 42
1 6
1 12
1 21
2 6
1 14
1 96
1 19
1 39
0
50
1 0 29 15
1 1 5 7
1 3 32 25
1 4 10 60
1 7 11 10
1 8 32 5
1 9 32 5
1 11 13 29
1 11 6 9
1 12 13 29
1 16 13 28
1 20 24 19
1 21 34 9
1 22 34 5
1 25 34 21
1 27 1 5
1 29 3 20
1 31 5 7
1 32 12 95
1 33 17 32
1 34 25 38
2 5 1 4
2 6 5 7
2 10 5 60
2 10 31 100
2 13 10 5
2 13 11 2
2 13 14 7
2 13 15 8
2 13 16 3
2 14 10 8
2 14 13 10
2 14 17 5
2 14 18 5
2 14 33 23
2 15 13 2
2 15 19 10
2 15 20 60
2 17 14 2
2 17 23 2
2 17 33 6
2 18 33 57
2 19 24 10
2 23 33 17
2 24 20 17
2 26 28 41
2 30 26 5
1 33 14 19
1 33 18 19
1 33 23 19
1 16
1 29
1 11
1 26
1 11
2 60
1 13
1 6
1 6
1 6
1 56
1 42
1 399
1 81
1 18
2 20
2 12
1 30
1 18
2 16
2 7
1 6
1 6
1 21
1 13
1 44
2 21
1 6
2 34
1 21
2 6
2 98
1 41
2 11
1 41
0
46
1 0 29 15
1 2 7 10
1 3 32 25
1 7 11 5
1 8 32 5
1 9 32 5
1 11 13 40
1 12 16 13
1 13 16 94
1 13 15 102
1 14 33 12
1 17 33 12
1 18 33 12
1 23 33 12
1 23 30 7
1 24 20 8
1 25 28 35
1 27 1 5
1 29 3 20
1 32 12 40
1 34 16 13
2 5 1 27
2 5 6 32
2 15 19 4
2 15 20 14
2 16 21 10
2 19 15 1
2 19 24 14
2 20 15 2
2 20 24 2
2 20 21 2
2 26 24 20
2 28 26 33
2 30 26 5
2 31 1 155
2 31 4 135
2 31 5 101
2 33 14 13
2 33 17 14
2 33 18 13
2 33 23 12
1 13 10 81
1 13 11 81
1 13 12 81
1 13 14 81
2 31 10 98
1 16
2 39
1 6
1 26
2 129
2 107
2 24
1 16
1 6
1 6
1 49
1 98
1 517
1 97
1 84
1 107
1 128
1 9
2 12
2 10
2 12
2 11
1 11
2 15
2 36
1 14
2 54
1 6
1 39
1 21
1 11
2 6
1 41
1 8
1 33
0
42
1 0 29 15
1 3 32 25
1 7 11 15
1 8 32 5
1 9 32 5
1 10 31 7
1 11 6 25
1 12 32 100
1 13 16 40
1 14 18 13
1 15 19 11
1 15 20 13
1 16 21 12
1 17 4 8
1 22 34 10
1 25 21 12
1 29 3 20
1 32 12 40
1 34 21 12
2 1 27 38
2 4 1 58
2 4 17 10
2 4 10 60
2 5 1 46
2 5 10 60
2 6 2 23
2 18 33 9
2 19 18 9
2 20 24 2
2 20 21 8
2 21 20 10
2 23 17 6
2 23 30 2
2 23 33 6
2 24 20 11
2 24 26 24
2 26 30 52
2 31 10 5
1 33 14 8
1 33 17 8
1 33 18 8
1 33 23 8
1 16
2 110
2 22
1 26
1 12
2 6
1 29
1 6
1 6
1 6
2 93
1 98
1 467
1 67
1 89
1 93
1 166
2 14
1 17
1 15
2 15
1 32
1 6
1 12
2 8
1 7
2 41
2 37
1 44
1 21
2 16
1 11
1 141
2 13
1 36
0
45
1 3 32 25
1 4 1 11
1 6 5 7
1 8 32 5
1 9 32 5
1 11 13 40
1 12 32 100
1 14 33 14
1 14 17 15
1 15 20 16
1 16 34 100
1 18 33 14
1 19 24 9
1 21 20 16
1 22 34 5
1 25 34 6
1 28 26 42
1 29 3 20
1 31 5 18
1 32 12 100
1 34 25 35
2 1 4 80
2 1 31 12
2 2 0 11
2 2 7 10
2 5 1 1
2 5 31 4
2 10 4 56
2 10 31 36
2 17 4 1
2 17 23 12
2 20 24 12
2 20 21 1
2 24 20 7
2 26 24 17
2 26 30 23
2 27 0 36
2 30 23 15
2 33 17 14
2 33 23 24
1 31 1 11
1 31 4 11
1 31 10 11
2 33 14 13
2 33 18 13
2 31
1 24
2 6
1 26
2 130
1 6
1 27
2 9
1 6
1 6
1 20
1 68
1 477
1 117
1 57
1 87
1 76
2 5
2 15
1 11
1 14
1 20
1 6
2 44
2 26
1 41
1 56
2 6
1 7
1 6
2 29
2 53
1 181
1 6
1 117
0
42
1 1 27 7
1 3 32 25
1 6 2 7
1 9 32 5
1 10 4 19
1 11 7 10
1 12 32 100
1 13 16 40
1 14 17 6
1 14 18 16
1 15 20 60
1 16 34 75
1 21 34 19
1 22 34 5
1 25 34 40
1 26 24 27
1 28 26 6
1 32 12 100
1 33 17 11
1 34 25 100
2 0 29 30
2 2 0 5
2 4 1 75
2 4 10 54
2 7 2 8
2 17 4 3
2 17 33 1
2 18 19 13
2 18 33 1
2 23 18 38
2 23 33 5
2 24 19 2
2 24 20 23
2 27 1 5
2 30 23 28
2 31 1 88
2 31 5 68
2 31 10 55
2 31 4 53
1 33 14 6
1 33 18 6
1 33 23 6
2 21
2 156
2 7
1 6
2 43
2 67
1 25
1 14
1 11
1 6
2 11
1 68
1 487
1 87
1 51
1 37
1 51
1 6
2 22
2 16
1 56
1 6
1 6
2 28
1 31
1 106
1 50
1 11
1 6
2 29
2 6
2 6
1 216
2 11
1 161
0
46
1 6 2 8
1 7 2 8
1 8 32 10
1 9 32 5
1 11 13 40
1 12 32 100
1 13 10 12
1 14 33 12
1 14 10 12
1 14 18 23
1 15 19 17
1 16 34 50
1 20 21 55
1 21 34 5
1 22 34 5
1 24 19 17
1 25 34 100
1 26 30 7
1 27 1 10
1 28 26 5
1 32 12 100
1 34 25 100
2 0 27 20
2 1 27 100
2 2 0 1
2 2 6 5
2 4 1 32
2 4 17 10
2 5 6 66
2 10 4 3
2 10 5 1
2 10 14 1
2 10 31 3
2 18 14 1
2 18 23 13
2 18 19 5
2 19 18 14
2 23 17 27
2 29 3 28
2 30 23 5
2 31 1 2
2 31 5 1
2 33 17 20
2 33 18 12
2 33 14 11
2 33 23 11
2 17
2 85
1 6
2 27
2 9
2 8
2 22
1 11
1 6
1 6
1 13
1 38
1 497
1 125
2 19
1 30
1 11
2 56
2 11
1 12
1 6
1 61
1 6
2 35
1 19
1 111
1 63
2 6
1 6
2 6
1 11
2 11
1 236
1 16
1 226
0
39
1 7 11 10
1 10 31 12
1 11 6 23
1 12 32 100
1 13 14 20
1 15 20 29
1 16 34 10
1 19 18 11
1 20 21 5
1 21 34 60
1 22 34 5
1 24 26 18
1 25 34 100
1 26 30 62
1 28 26 5
1 32 3 28
1 33 18 28
1 34 25 100
2 0 2 16
2 1 4 23
2 1 5 61
2 3 8 15
2 3 9 11
2 4 10 7
2 5 10 6
2 6 2 21
2 14 10 18
2 17 4 6
2 17 14 28
2 17 33 21
2 18 33 10
2 23 33 34
2 27 0 5
2 29 3 5
2 31 5 1
2 31 10 9
1 33 14 16
1 33 17 16
1 33 23 16
2 21
2 6
2 11
1 27
2 36
2 69
1 27
1 6
2 14
2 10
2 11
1 35
1 407
1 115
1 39
1 11
1 11
1 20
1 6
1 6
1 35
1 11
1 6
1 20
1 6
1 116
1 39
2 6
1 6
2 6
1 78
1 16
1 313
2 66
1 306
0
43
1 3 29 7
1 3 9 11
1 6 2 12
1 11 13 34
1 12 9 11
1 12 8 15
1 13 10 12
1 14 10 12
1 15 20 10
1 16 34 10
1 19 24 5
1 20 21 34
1 21 34 10
1 24 26 5
1 25 34 100
1 26 30 38
1 28 26 5
1 30 26 77
1 31 1 23
1 32 9 11
1 32 8 15
1 34 25 100
2 0 2 15
2 0 29 5
2 1 31 4
2 2 7 10
2 4 1 9
2 4 17 10
2 4 31 16
2 5 31 68
2 8 7 13
2 9 3 4
2 9 22 3
2 10 31 10
2 27 1 5
2 29 0 5
2 33 17 85
2 33 18 80
2 33 23 98
1 31 4 16
1 31 5 16
1 31 10 16
2 33 14 66
2 21
1 12
2 9
1 10
1 20
1 20
1 20
2 11
1 6
1 35
1 49
1 11
1 391
1 147
2 49
1 11
1 11
2 25
2 79
1 6
1 16
1 40
1 8
2 83
1 11
1 121
1 103
2 6
1 6
1 6
1 44
2 14
1 292
2 6
1 331
0
37
1 1 27 7
1 3 32 9
1 4 31 15
1 5 31 15
1 6 2 10
1 9 32 34
1 10 31 15
1 12 32 100
1 15 20 10
1 16 34 10
1 20 21 15
1 21 34 39
1 22 34 7
1 24 26 10
1 25 34 100
1 26 30 100
1 28 26 5
1 32 12 100
1 34 25 100
2 0 29 20
2 2 0 8
2 7 8 10
2 14 17 12
2 14 18 14
2 14 33 19
2 17 14 24
2 18 19 78
2 23 17 34
2 23 18 8
2 23 33 40
2 27 0 5
2 31 1 15
2 31 4 16
2 31 5 16
2 31 10 20
2 33 14 3
2 33 18 2
2 29
2 15
1 14
1 6
2 16
2 16
1 15
2 6
2 9
1 6
1 24
1 21
1 401
1 157
2 41
1 11
1 11
2 52
2 30
2 77
1 16
1 21
1 6
2 6
1 6
1 126
1 33
1 11
1 6
2 19
1 149
1 47
1 340
2 65
1 392
0
41
1 2 7 7
1 9 32 5
1 10 4 17
1 11 7 7
1 12 8 10
1 16 34 10
1 20 21 15
1 21 34 20
1 22 34 5
1 25 34 100
1 26 30 32
1 28 26 5
1 30 23 7
1 31 1 63
1 31 4 64
1 32 8 10
1 34 25 100
2 0 2 24
2 0 27 4
2 1 27 13
2 4 1 15
2 5 1 15
2 7 2 5
2 8 3 8
2 14 13 1
2 14 17 8
2 14 18 5
2 14 33 23
2 17 14 24
2 17 23 27
2 18 14 10
2 18 23 11
2 18 19 8
2 19 15 57
2 19 24 19
2 23 17 3
2 29 3 18
2 33 14 16
2 33 23 48
1 31 5 47
1 31 10 47
2 16
1 36
2 12
2 11
1 6
1 51
1 20
1 6
1 6
1 6
1 64
1 24
1 401
1 166
2 64
2 56
1 11
2 17
2 11
2 14
1 6
1 21
1 6
2 87
2 18
1 131
1 21
2 16
1 6
2 6
1 179
1 19
1 340
2 29
1 432
0
36
1 1 27 17
1 5 31 50
1 6 2 13
1 11 13 23
1 12 32 100
1 16 34 10
1 21 34 20
1 22 34 5
1 25 34 100
1 26 24 19
1 28 26 5
1 30 23 88
1 31 10 18
1 32 3 12
1 34 25 100
2 0 2 6
2 0 27 9
2 2 7 11
2 3 8 9
2 14 17 12
2 14 18 26
2 14 33 22
2 15 20 55
2 17 4 10
2 17 14 4
2 17 23 1
2 18 14 9
2 19 15 9
2 19 24 4
2 23 17 29
2 23 18 46
2 23 33 9
2 24 20 17
2 27 0 15
2 29 3 5
2 33 14 28
2 31
1 24
1 11
1 10
2 9
1 6
1 12
2 10
2 8
1 11
1 92
1 11
1 311
1 199
2 55
2 20
1 11
2 48
2 79
2 6
2 11
1 6
1 6
1 89
1 19
1 136
1 22
1 12
1 6
2 6
1 96
1 56
1 433
2 37
1 472
0
43
1 1 4 10
1 2 7 10
1 3 29 7
1 5 31 5
1 6 11 11
1 9 32 10
1 10 4 10
1 11 7 10
1 12 8 9
1 13 15 21
1 16 34 10
1 22 34 5
1 23 33 38
1 23 17 49
1 24 19 7
1 24 20 12
1 25 34 100
1 26 30 21
1 28 26 5
1 30 26 95
1 31 4 10
1 32 8 9
1 34 25 100
2 0 2 6
2 0 27 24
2 4 17 5
2 4 10 1
2 7 2 9
2 8 7 6
2 14 18 27
2 14 33 24
2 15 19 3
2 15 20 15
2 17 4 5
2 17 14 42
2 18 14 60
2 18 19 7
2 18 33 9
2 19 15 4
2 19 24 1
2 20 15 10
2 29 0 5
2 33 14 36
2 21
1 19
2 6
1 8
1 27
1 6
1 6
1 12
1 7
1 6
1 91
1 22
1 312
1 188
2 152
1 15
1 11
1 48
2 35
2 9
2 9
1 11
1 6
1 7
2 6
1 141
1 116
2 17
1 6
1 11
1 27
1 56
1 439
1 9
1 492
0
38
1 1 27 18
1 3 32 7
1 4 31 26
1 5 31 5
1 7 2 7
1 8 32 6
1 9 32 5
1 10 14 20
1 11 13 21
1 12 32 100
1 13 14 40
1 15 19 10
1 16 34 10
1 17 14 47
1 21 20 10
1 22 34 5
1 25 34 100
1 26 24 7
1 28 26 5
1 30 26 26
1 31 10 55
1 32 12 100
1 33 14 17
1 34 25 100
2 0 29 20
2 2 0 5
2 14 17 60
2 14 33 74
2 18 23 15
2 18 33 19
2 19 18 3
2 19 24 4
2 20 24 7
2 24 20 4
2 27 0 16
1 33 17 9
1 33 18 9
1 33 23 9
2 37
1 6
1 11
1 6
1 6
1 6
1 11
1 10
1 6
1 6
1 136
1 11
1 322
1 179
1 28
1 15
1 11
2 55
1 10
1 13
1 9
1 6
1 6
1 6
2 11
1 146
1 155
1 22
1 6
2 14
1 6
1 37
1 462
2 6
1 512
0
33
1 1 31 5
1 5 31 5
1 6 11 10
1 7 11 9
1 8 32 5
1 9 32 5
1 10 31 100
1 11 13 10
1 12 32 100
1 13 16 40
1 14 33 7
1 15 20 14
1 16 34 10
1 18 33 7
1 19 24 12
1 21 34 5
1 22 34 5
1 25 34 100
1 26 24 12
1 28 26 5
1 30 26 5
1 31 10 36
1 32 12 100
1 34 25 100
2 0 2 36
2 17 23 54
2 24 19 3
2 24 20 6
2 29 3 13
2 33 23 11
2 33 14 6
2 33 17 6
2 33 18 6
2 16
1 6
2 30
2 12
1 11
1 6
1 6
1 6
1 6
1 6
1 82
1 30
1 332
1 159
1 25
1 11
1 51
2 12
2 8
2 7
1 22
1 6
1 6
2 11
1 7
1 151
1 168
1 27
1 6
2 6
1 6
1 116
1 477
1 6
1 537
0
34
1 1 31 5
1 5 31 5
1 10 31 81
1 11 13 29
1 12 32 100
1 13 16 40
1 14 18 9
1 14 17 13
1 15 19 8
1 16 34 50
1 20 21 21
1 21 34 5
1 22 34 5
1 25 34 100
1 26 30 100
1 27 0 17
1 28 26 5
1 31 10 100
1 32 3 13
1 34 25 100
2 0 2 10
2 0 29 4
2 2 6 29
2 3 9 10
2 17 23 2
2 17 33 7
2 18 33 7
2 19 18 6
2 23 33 10
2 29 0 5
1 33 14 6
1 33 17 6
1 33 18 6
1 33 23 6
1 25
1 6
2 16
1 16
1 16
1 6
2 28
1 11
1 11
2 9
1 111
1 11
1 242
1 158
1 19
1 13
1 51
1 8
1 12
1 12
1 6
1 27
1 6
1 8
1 12
1 156
1 88
1 15
1 6
2 10
1 111
1 112
1 569
2 23
1 602
0
34
1 0 29 11
1 1 31 5
1 3 9 10
1 4 31 15
1 8 32 10
1 10 31 100
1 12 9 10
1 13 16 40
1 15 20 12
1 16 34 50
1 19 24 11
1 20 21 5
1 21 34 26
1 24 26 11
1 25 34 100
1 26 30 87
1 27 1 14
1 28 26 5
1 30 26 100
1 31 10 100
1 32 9 10
1 34 25 100
2 2 6 14
2 6 2 1
2 6 5 26
2 9 3 1
2 9 12 1
2 9 32 4
2 29 0 3
2 29 3 6
2 33 17 45
2 33 14 23
2 33 18 23
2 33 23 23
1 26
1 20
2 8
2 11
1 6
2 25
2 20
1 16
1 6
1 32
1 121
1 21
1 241
1 128
2 14
1 11
1 51
2 42
2 16
1 6
1 18
1 11
1 11
2 20
1 17
1 161
1 132
1 6
1 6
1 15
1 103
1 137
1 570
2 6
1 683
0
41
1 0 2 9
1 7 2 9
1 9 3 12
1 10 14 15
1 10 5 26
1 11 6 20
1 12 32 100
1 13 14 15
1 15 20 10
1 16 34 50
1 20 21 17
1 21 34 10
1 22 34 10
1 24 26 16
1 25 34 100
1 26 30 100
1 27 1 5
1 28 26 5
1 29 3 12
1 30 23 21
1 31 5 26
1 32 3 12
1 34 25 100
2 2 6 6
2 3 9 6
2 3 29 1
2 3 32 1
2 5 6 22
2 6 2 8
2 6 5 11
2 14 17 2
2 14 18 2
2 14 33 7
2 17 4 10
2 17 14 31
2 18 19 15
2 23 17 4
2 23 18 8
2 23 33 6
2 33 14 3
2 33 18 2
1 32
1 30
1 15
1 38
2 9
1 19
2 14
1 12
1 11
1 19
1 90
1 11
1 151
1 123
2 17
1 11
1 11
2 12
2 18
2 14
1 16
1 23
1 6
1 24
1 6
1 166
1 68
1 6
1 6
1 7
1 187
1 116
1 662
2 19
1 758
0
36
1 0 29 31
1 1 4 10
1 2 6 14
1 3 32 37
1 5 6 15
1 7 11 11
1 8 32 10
1 9 32 18
1 10 4 10
1 10 14 18
1 12 32 100
1 13 14 18
1 16 34 10
1 20 21 15
1 21 34 22
1 22 34 5
1 23 33 20
1 25 34 100
1 26 30 67
1 27 1 5
1 28 26 5
1 29 3 6
1 30 26 100
1 31 4 10
1 32 12 100
1 34 25 100
2 4 17 6
2 6 11 13
2 14 17 1
2 14 18 9
2 14 33 3
2 17 4 3
2 17 14 8
2 18 14 17
2 19 18 13
2 33 14 18
1 16
1 30
1 6
1 12
1 29
1 9
1 6
1 6
1 6
1 6
1 72
1 19
1 161
1 115
2 21
1 21
1 11
2 13
2 28
2 6
1 6
1 21
1 6
1 9
1 11
1 171
1 121
1 6
1 6
1 37
1 159
1 111
1 732
1 21
1 800
0
36
1 0 29 15
1 1 31 29
1 2 7 5
1 3 32 11
1 5 31 8
1 6 11 5
1 7 11 5
1 8 32 5
1 9 32 5
1 11 13 18
1 12 32 100
1 13 14 22
1 15 19 7
1 16 34 10
1 20 21 5
1 21 34 20
1 22 34 5
1 24 19 7
1 25 34 100
1 26 30 100
1 27 1 5
1 28 26 5
1 29 3 36
1 30 26 100
1 31 10 100
1 32 12 100
1 33 17 35
1 34 25 100
2 14 17 5
2 14 18 12
2 17 23 12
2 18 23 27
2 19 18 5
1 33 14 21
1 33 18 21
1 33 23 21
1 16
1 11
1 6
1 42
1 34
1 6
1 6
1 11
1 6
1 6
1 182
1 21
1 171
1 121
1 14
1 24
1 11
1 34
1 8
1 6
1 6
1 11
1 6
2 35
1 9
1 176
1 141
1 6
1 6
1 21
1 164
1 53
1 758
1 12
1 840
0
33
1 0 29 15
1 1 31 10
1 2 7 5
1 3 32 41
1 4 31 33
1 5 31 5
1 6 11 5
1 7 11 10
1 8 32 5
1 9 32 5
1 10 31 100
1 11 13 20
1 12 32 100
1 13 16 40
1 14 33 13
1 15 20 23
1 16 34 10
1 19 24 5
1 20 21 5
1 21 34 10
1 22 34 5
1 24 26 8
1 25 34 100
1 26 30 100
1 27 1 5
1 28 26 5
1 29 3 20
1 30 23 36
1 31 10 52
1 32 12 100
1 34 25 100
2 23 18 13
2 23 33 21
1 16
1 11
1 6
1 26
1 6
1 6
1 6
1 11
1 6
1 6
1 144
1 26
1 181
1 111
1 11
1 11
1 51
1 39
2 10
1 6
1 29
1 11
1 6
1 40
1 11
1 181
1 69
1 6
1 6
1 21
1 233
1 154
1 814
1 9
1 870
0
36
1 0 29 15
1 1 31 10
1 2 7 5
1 3 32 25
1 4 31 5
1 5 31 5
1 6 11 5
1 7 11 10
1 8 32 5
1 9 32 5
1 10 31 100
1 11 13 25
1 12 32 100
1 13 16 40
1 14 18 10
1 15 20 10
1 16 34 50
1 17 33 38
1 20 21 28
1 21 34 10
1 22 34 5
1 23 18 11
1 24 26 10
1 25 34 100
1 26 30 68
1 27 1 5
1 28 26 5
1 29 3 20
1 30 26 100
1 31 10 100
1 32 12 100
1 34 25 100
2 18 14 2
2 18 23 1
2 18 19 1
2 18 33 3
1 16
1 11
1 6
1 26
1 6
1 6
1 6
1 11
1 6
1 6
1 154
1 26
1 191
1 106
2 11
1 11
1 51
1 6
1 8
1 10
1 16
1 34
1 6
1 33
1 6
1 186
1 131
1 6
1 6
1 21
1 206
1 179
1 854
1 49
1 940
0
35
1 0 29 15
1 1 31 10
1 2 7 5
1 3 32 25
1 4 31 5
1 5 31 5
1 6 11 5
1 7 11 10
1 8 32 5
1 9 32 5
1 10 14 12
1 11 13 25
1 12 32 100
1 13 14 12
1 15 20 10
1 16 34 50
1 19 24 9
1 20 21 15
1 21 34 33
1 22 34 5
1 23 33 32
1 24 26 5
1 25 34 100
1 26 30 100
1 27 1 5
1 28 26 5
1 29 3 20
1 30 26 100
1 31 10 100
1 32 12 100
1 33 14 12
1 34 25 100
2 14 13 3
2 14 17 2
2 14 18 2
1 16
1 11
1 6
1 26
1 6
1 6
1 6
1 11
1 6
1 6
1 252
1 26
1 201
1 126
1 42
1 11
1 11
1 9
1 11
1 6
1 16
1 21
1 6
1 6
1 15
1 191
1 156
1 6
1 6
1 21
1 211
1 104
1 894
1 74
1 1033
1
