35 3
0.0 0.5 0
0.125 0.125 0
0.125 0.5 0
0.125 0.875 0
0.25 0.0 0
0.25 0.25 0
0.25 0.375 0
0.25 0.625 0
0.25 0.75 0
0.25 1.0 0
0.375 0.125 0
0.375 0.5 0
0.375 0.875 0
0.5 0.5 1
0.625 0.125 0
0.625 0.5 0
0.625 0.875 0
0.75 0.0 0
0.75 0.25 0
0.75 0.375 0
0.75 0.625 0
0.75 0.75 0
0.75 1.0 0
0.875 0.125 0
0.875 0.5 0
0.875 0.875 0
1.0 0.5 0
0.0625 0.3125 0
0.9375 0.6875 0
0.0625 0.6875 0
0.9375 0.3125 0
0.25 0.125 1
0.25 0.875 1
0.75 0.125 1
0.75 0.875 1
0 0 100 0 0 0 0 0 0 0 0 0 0 0 0 0 0 0 0 0 0 0 0 0 0 0 0 100 0 100 0 0 0 0 0
0 0 0 0 80 80 0 0 0 0 0 0 0 0 0 0 0 0 0 0 0 0 0 0 0 0 0 100 0 0 0 100 0 0 0
100 0 0 0 0 0 80 80 0 0 0 0 0 0 0 0 0 0 0 0 0 0 0 0 0 0 0 0 0 0 0 0 0 0 0
0 0 0 0 0 0 0 0 80 80 0 0 0 0 0 0 0 0 0 0 0 0 0 0 0 0 0 0 0 100 0 0 100 0 0
0 80 0 0 0 0 0 0 0 0 60 0 0 0 0 0 0 10 0 0 0 0 0 0 0 0 0 0 0 0 0 100 0 0 0
0 80 0 0 0 0 80 0 0 0 60 0 0 0 0 0 0 0 0 0 0 0 0 0 0 0 0 0 0 0 0 100 0 0 0
0 0 80 0 0 80 0 0 0 0 0 60 0 0 0 0 0 0 0 0 0 0 0 0 0 0 0 0 0 0 0 0 0 0 0
0 0 80 0 0 0 0 0 80 0 0 60 0 0 0 0 0 0 0 0 0 0 0 0 0 0 0 0 0 0 0 0 0 0 0
0 0 0 80 0 0 0 80 0 0 0 0 60 0 0 0 0 0 0 0 0 0 0 0 0 0 0 0 0 0 0 0 100 0 0
0 0 0 80 0 0 0 0 0 0 0 0 60 0 0 0 0 0 0 0 0 0 10 0 0 0 0 0 0 0 0 0 100 0 0
0 0 0 0 60 60 0 0 0 0 0 0 0 40 20 0 0 0 0 0 0 0 0 0 0 0 0 0 0 0 0 100 0 0 0
0 0 0 0 0 0 60 60 0 0 0 0 0 40 0 0 0 0 0 0 0 0 0 0 0 0 0 0 0 0 0 0 0 0 0
0 0 0 0 0 0 0 0 60 60 0 0 0 40 0 0 20 0 0 0 0 0 0 0 0 0 0 0 0 0 0 0 100 0 0
0 0 0 0 0 0 0 0 0 0 40 40 40 0 40 40 40 0 0 0 0 0 0 0 0 0 0 0 0 0 0 0 0 0 0
0 0 0 0 0 0 0 0 0 0 20 0 0 40 0 0 0 60 60 0 0 0 0 0 0 0 0 0 0 0 0 0 0 100 0
0 0 0 0 0 0 0 0 0 0 0 0 0 40 0 0 0 0 0 60 60 0 0 0 0 0 0 0 0 0 0 0 0 0 0
0 0 0 0 0 0 0 0 0 0 0 0 20 40 0 0 0 0 0 0 0 60 60 0 0 0 0 0 0 0 0 0 0 0 100
0 0 0 0 10 0 0 0 0 0 0 0 0 0 60 0 0 0 0 0 0 0 0 80 0 0 0 0 0 0 0 0 0 100 0
0 0 0 0 0 0 0 0 0 0 0 0 0 0 60 0 0 0 0 80 0 0 0 80 0 0 0 0 0 0 0 0 0 100 0
0 0 0 0 0 0 0 0 0 0 0 0 0 0 0 60 0 0 80 0 0 0 0 0 80 0 0 0 0 0 0 0 0 0 0
0 0 0 0 0 0 0 0 0 0 0 0 0 0 0 60 0 0 0 0 0 80 0 0 80 0 0 0 0 0 0 0 0 0 0
0 0 0 0 0 0 0 0 0 0 0 0 0 0 0 0 60 0 0 0 80 0 0 0 0 80 0 0 0 0 0 0 0 0 100
0 0 0 0 0 0 0 0 0 10 0 0 0 0 0 0 60 0 0 0 0 0 0 0 0 80 0 0 0 0 0 0 0 0 100
0 0 0 0 0 0 0 0 0 0 0 0 0 0 0 0 0 80 80 0 0 0 0 0 0 0 0 0 0 0 100 0 0 100 0
0 0 0 0 0 0 0 0 0 0 0 0 0 0 0 0 0 0 0 80 80 0 0 0 0 0 100 0 0 0 0 0 0 0 0
0 0 0 0 0 0 0 0 0 0 0 0 0 0 0 0 0 0 0 0 0 80 80 0 0 0 0 0 100 0 0 0 0 0 100
0 0 0 0 0 0 0 0 0 0 0 0 0 0 0 0 0 0 0 0 0 0 0 0 100 0 0 0 100 0 100 0 0 0 0
100 100 0 0 0 0 0 0 0 0 0 0 0 0 0 0 0 0 0 0 0 0 0 0 0 0 0 0 0 0 0 0 0 0 0
0 0 0 0 0 0 0 0 0 0 0 0 0 0 0 0 0 0 0 0 0 0 0 0 0 100 100 0 0 0 0 0 0 0 0
100 0 0 100 0 0 0 0 0 0 0 0 0 0 0 0 0 0 0 0 0 0 0 0 0 0 0 0 0 0 0 0 0 0 0
0 0 0 0 0 0 0 0 0 0 0 0 0 0 0 0 0 0 0 0 0 0 0 100 0 0 100 0 0 0 0 0 0 0 0
0 100 0 0 100 100 0 0 0 0 100 0 0 0 0 0 0 0 0 0 0 0 0 0 0 0 0 0 0 0 0 0 0 0 0
0 0 0 100 0 0 0 0 100 100 0 0 100 0 0 0 0 0 0 0 0 0 0 0 0 0 0 0 0 0 0 0 0 0 0
0 0 0 0 0 0 0 0 0 0 0 0 0 0 100 0 0 100 100 0 0 0 0 100 0 0 0 0 0 0 0 0 0 0 0
0 0 0 0 0 0 0 0 0 0 0 0 0 0 0 0 100 0 0 0 0 100 100 0 0 100 0 0 0 0 0 0 0 0 0
0
1 20
0 5
0 5
0 5
0 10
0 10
0 10
0 10
0 10
0 10
0 10
0 10
0 10
0 40
0 10
0 10
0 10
0 10
0 10
0 10
0 10
0 10
0 10
0 5
0 5
0 5
2 20
0 5
0 5
0 5
0 5
0 5
0 5
0 5
0 5
0
0
1 35
0 5
0 5
0 5
0 10
0 10
0 10
0 10
0 10
0 10
0 10
0 10
0 10
0 40
0 10
0 10
0 10
0 10
0 10
0 10
0 10
0 10
0 10
0 5
0 5
0 5
2 35
0 5
0 5
0 5
0 5
0 5
0 5
0 5
0 5
0
5
1 0 2 6
1 0 27 6
1 0 29 6
2 26 24 7
2 26 28 27
1 47
0 5
1 11
0 5
0 10
0 10
0 10
0 10
0 10
0 10
0 10
0 10
0 10
0 40
0 10
0 10
0 10
0 10
2 15
0 10
0 10
0 10
0 10
0 5
2 7
0 5
2 16
1 11
2 27
1 11
0 5
0 5
0 5
2 10
0 5
0
4
1 0 29 46
1 2 6 10
1 27 1 6
1 29 3 6
1 16
1 6
1 6
1 6
1 15
0 10
0 0
0 10
0 10
0 10
0 10
0 10
0 10
0 40
0 10
0 10
0 10
0 10
2 20
0 10
0 10
0 10
0 10
0 5
2 12
0 5
2 31
1 10
2 32
1 56
0 5
0 5
0 5
2 15
0 5
0
13
1 0 29 15
1 1 31 5
1 2 6 1
1 3 32 5
1 4 31 6
1 27 1 9
1 29 3 55
2 18 23 2
2 18 19 17
2 24 19 11
2 26 30 30
2 28 25 31
2 33 23 14
1 16
1 15
1 10
1 61
1 14
0 10
1 6
0 10
0 10
0 10
0 10
0 10
0 10
0 40
0 10
0 10
0 10
0 10
2 1
2 10
0 10
0 10
0 10
2 5
2 1
2 26
2 1
2 1
2 1
1 21
2 25
1 10
0 0
2 1
0 5
0
17
1 0 27 2
1 1 27 2
1 1 5 11
1 3 32 1
1 3 8 11
1 3 9 11
1 4 17 10
1 29 3 20
2 19 18 9
2 23 18 4
2 25 34 25
2 30 23 16
2 30 26 8
1 31 1 10
1 31 4 10
1 31 5 10
1 31 10 10
1 29
1 17
1 15
1 63
1 19
1 15
1 11
0 10
1 6
1 6
0 0
2 20
0 10
0 40
0 10
0 10
0 10
0 0
2 19
2 6
0 10
0 10
0 10
2 22
2 6
2 6
2 24
1 6
2 6
1 6
2 6
1 15
1 6
1 6
2 25
0
34
1 0 29 28
1 1 31 16
1 2 7 11
1 3 32 62
1 4 17 1
1 4 10 1
1 5 10 1
1 27 1 5
1 29 3 5
1 31 10 1
1 33 17 1
2 11 6 19
2 18 14 12
2 18 33 6
2 19 18 5
2 23 17 14
2 23 33 7
2 24 26 5
2 25 28 1
2 25 34 2
2 26 24 6
2 26 28 13
2 26 30 3
2 28 25 5
2 30 23 3
2 30 26 2
2 34 16 49
1 32 3 6
1 32 8 6
1 32 9 6
1 32 12 6
2 34 21 25
2 34 22 25
2 34 25 25
1 16
1 11
1 9
1 17
1 22
1 19
2 13
1 6
1 17
1 17
1 13
2 11
0 4
0 40
2 12
0 10
2 49
2 19
2 11
2 6
2 15
2 20
2 20
2 9
2 12
2 38
2 24
2 6
2 20
1 34
2 9
1 35
1 73
2 10
2 8
0
44
1 0 27 7
1 1 27 7
1 3 32 16
1 5 6 14
1 8 12 5
1 9 12 5
1 10 14 12
1 29 3 33
1 31 10 34
1 32 12 5
2 6 11 11
2 11 6 10
2 14 13 2
2 14 17 3
2 14 18 2
2 14 33 1
2 16 12 20
2 17 14 18
2 18 14 8
2 18 19 2
2 19 15 5
2 20 15 14
2 21 16 8
2 21 20 11
2 22 16 19
2 23 17 2
2 23 18 2
2 23 33 3
2 24 19 1
2 24 20 10
2 25 21 8
2 25 22 26
2 25 34 3
2 26 24 22
2 26 28 1
2 27 0 3
2 27 1 2
2 28 25 19
2 30 23 8
2 33 14 19
2 34 16 7
2 33 17 10
2 33 18 10
2 33 23 10
1 21
1 7
1 14
1 39
1 27
1 10
1 7
1 11
1 17
1 17
1 45
2 22
2 26
0 38
2 47
2 20
2 73
2 21
2 20
2 9
2 27
2 14
2 32
2 25
2 28
2 25
2 16
1 6
2 7
1 6
2 6
1 6
1 89
2 10
2 9
0
50
1 0 29 20
1 1 31 6
1 2 7 13
1 3 32 38
1 5 31 9
1 10 13 39
1 27 1 5
1 29 3 5
1 31 10 5
1 32 12 27
2 11 6 21
2 12 13 13
2 12 16 10
2 14 13 26
2 14 18 7
2 14 33 11
2 15 13 19
2 16 12 20
2 16 13 40
2 16 21 2
2 16 34 1
2 17 14 20
2 18 14 19
2 19 15 7
2 20 15 26
2 21 16 4
2 21 20 2
2 21 25 3
2 21 34 4
2 22 16 2
2 22 25 8
2 22 34 20
2 23 17 12
2 23 18 2
2 23 33 9
2 24 19 5
2 24 20 22
2 25 21 2
2 25 22 3
2 25 34 19
2 26 24 7
2 26 28 5
2 26 30 3
2 28 25 6
2 30 23 5
2 33 14 9
2 34 16 3
2 34 21 2
2 34 22 1
2 34 25 1
1 16
1 11
1 6
1 11
1 32
1 6
2 19
1 29
1 22
1 22
1 21
2 11
1 14
2 48
2 61
2 44
2 39
2 18
2 15
2 12
2 30
2 12
2 11
2 12
2 13
2 24
2 16
1 6
2 11
1 26
2 9
1 21
1 105
2 26
2 51
0
62
1 0 29 15
1 1 31 10
1 3 32 10
1 7 11 12
1 8 32 21
1 27 1 5
1 29 3 25
1 31 10 20
1 32 12 100
2 6 2 10
2 6 5 8
2 11 6 10
2 13 10 70
2 13 12 73
2 14 10 20
2 14 13 3
2 14 17 6
2 14 18 16
2 14 33 3
2 15 13 40
2 16 12 20
2 16 13 5
2 16 21 3
2 16 22 3
2 17 14 8
2 17 23 1
2 17 33 7
2 18 14 9
2 18 23 1
2 18 33 3
2 19 15 10
2 19 18 1
2 20 15 23
2 20 21 6
2 21 16 4
2 21 25 5
2 22 16 4
2 22 25 3
2 22 34 2
2 23 17 2
2 23 18 3
2 23 33 5
2 24 19 3
2 24 20 9
2 25 21 18
2 25 34 5
2 26 28 6
2 26 30 9
2 28 25 10
2 30 23 8
2 33 14 6
2 33 17 1
2 33 18 8
2 33 23 9
2 34 16 3
2 34 21 14
2 34 22 14
2 34 25 17
2 13 11 48
2 13 14 48
2 13 15 48
2 13 16 48
1 16
1 11
2 9
1 31
1 37
2 7
2 16
1 22
1 6
1 27
2 51
2 47
1 31
2 59
2 94
2 95
2 77
2 16
2 35
2 9
2 15
2 49
2 24
2 26
2 6
2 41
2 16
1 6
2 12
1 21
2 15
1 16
1 41
2 25
2 15
0
59
1 0 2 10
1 1 5 8
1 3 32 30
1 7 2 10
1 8 32 5
1 27 1 5
1 29 3 20
1 31 5 8
1 32 12 40
2 2 7 8
2 5 1 1
2 5 6 1
2 5 31 3
2 6 2 8
2 6 5 3
2 6 11 4
2 10 31 50
2 11 7 46
2 13 11 17
2 13 12 40
2 14 10 12
2 14 13 13
2 14 17 60
2 14 33 7
2 15 13 40
2 16 12 20
2 16 13 13
2 16 21 7
2 16 22 14
2 16 34 10
2 17 4 1
2 17 14 4
2 17 23 2
2 17 33 6
2 18 23 18
2 18 19 1
2 18 33 15
2 19 15 8
2 20 15 9
2 20 21 5
2 21 16 6
2 21 25 13
2 21 34 28
2 22 16 9
2 22 25 6
2 22 34 6
2 23 17 25
2 24 19 1
2 24 20 4
2 25 22 15
2 25 34 24
2 26 28 8
2 26 30 7
2 28 25 11
2 30 23 14
2 33 17 23
2 34 21 1
2 34 22 10
2 34 25 2
1 21
1 12
1 14
1 26
1 41
1 10
2 7
2 17
1 6
1 32
2 23
2 32
1 21
2 78
2 16
2 82
2 38
2 116
2 6
2 8
2 10
2 20
2 47
2 40
2 6
2 39
2 16
1 6
2 14
1 6
2 13
2 13
1 41
2 35
2 75
0
57
1 0 29 20
1 2 6 8
1 3 32 25
1 4 31 14
1 4 10 24
1 5 6 8
1 27 1 5
1 29 3 5
1 32 12 40
2 6 5 6
2 7 8 16
2 10 5 21
2 11 6 21
2 11 7 10
2 13 10 37
2 13 12 40
2 14 10 4
2 14 17 11
2 15 13 40
2 16 12 20
2 16 21 6
2 16 22 3
2 16 34 6
2 17 4 10
2 18 14 1
2 18 23 2
2 18 33 2
2 19 15 4
2 19 18 3
2 20 15 7
2 20 24 1
2 20 21 1
2 21 25 11
2 21 34 7
2 22 16 26
2 22 25 11
2 22 34 8
2 23 17 39
2 24 19 3
2 24 20 2
2 25 21 19
2 25 22 8
2 25 34 10
2 26 24 1
2 26 28 10
2 26 30 4
2 28 25 13
2 30 23 12
2 31 5 25
2 33 17 34
2 34 16 13
2 34 21 14
2 34 22 24
2 34 25 23
2 31 1 13
2 31 4 13
2 31 10 13
1 16
1 9
1 11
1 11
2 8
2 55
2 11
2 16
2 15
1 37
2 42
2 11
1 11
2 51
2 12
2 63
2 52
2 195
2 9
2 9
2 8
2 47
2 42
2 20
2 8
2 65
2 16
1 6
2 16
1 26
2 10
1 18
1 31
2 8
2 37
0
71
1 0 29 15
1 1 4 8
1 27 1 5
1 29 3 25
1 31 4 27
1 32 8 16
2 4 1 2
2 4 17 2
2 4 31 2
2 5 1 50
2 5 31 4
2 6 2 9
2 6 5 1
2 7 2 15
2 8 7 5
2 8 12 9
2 10 4 3
2 10 5 3
2 10 31 35
2 11 6 1
2 11 7 7
2 11 13 2
2 13 10 5
2 13 12 40
2 13 14 1
2 13 15 2
2 14 10 5
2 14 13 3
2 14 17 1
2 15 13 40
2 16 12 20
2 16 21 7
2 16 22 3
2 16 34 5
2 17 4 10
2 17 14 60
2 17 23 1
2 18 14 2
2 18 23 3
2 18 33 2
2 19 15 5
2 19 18 3
2 20 15 7
2 21 16 1
2 21 25 23
2 21 34 20
2 22 16 9
2 22 25 15
2 22 34 16
2 23 17 18
2 23 18 1
2 24 19 3
2 24 20 4
2 25 21 5
2 25 22 15
2 25 34 44
2 26 24 2
2 26 28 10
2 26 30 2
2 28 25 15
2 30 23 9
2 33 14 1
2 33 18 3
2 33 23 3
2 34 16 2
2 34 21 10
2 34 22 1
2 34 25 22
1 31 1 18
1 31 5 18
1 31 10 18
1 16
2 29
2 16
1 41
1 20
1 18
2 7
2 18
1 20
1 42
1 17
2 11
2 68
2 58
2 77
2 47
2 39
2 150
2 14
2 9
2 10
2 30
2 26
2 22
2 8
2 81
2 17
1 6
2 16
1 21
2 8
2 37
1 20
2 8
2 92
0
63
1 3 32 40
1 4 17 10
1 5 6 8
1 8 7 19
1 29 3 20
2 1 5 10
2 1 27 18
2 2 6 5
2 2 7 9
2 6 2 1
2 6 5 5
2 7 2 17
2 11 7 3
2 11 13 6
2 12 32 67
2 13 10 40
2 13 12 16
2 14 10 20
2 14 13 24
2 14 17 3
2 14 18 6
2 14 33 4
2 15 13 40
2 15 20 1
2 16 12 19
2 16 13 2
2 16 22 14
2 16 34 2
2 17 4 10
2 17 14 43
2 17 23 24
2 17 33 7
2 18 23 5
2 18 33 7
2 19 15 3
2 19 18 4
2 20 15 3
2 20 24 4
2 20 21 2
2 21 16 3
2 21 25 9
2 21 34 17
2 22 16 5
2 22 25 10
2 22 34 8
2 23 17 11
2 23 18 6
2 23 30 1
2 23 33 2
2 24 19 2
2 24 20 4
2 25 22 80
2 26 28 1
2 26 30 15
2 28 25 15
2 30 23 7
2 31 4 61
2 31 5 48
2 31 10 38
2 33 14 2
2 33 17 4
2 34 22 91
2 31 1 37
1 31
2 43
2 25
1 26
2 15
2 58
1 7
1 11
1 6
1 47
2 91
2 12
2 46
2 84
2 75
2 22
2 20
2 79
2 23
2 9
2 11
2 8
2 193
2 43
2 11
2 40
2 16
2 17
2 7
1 6
2 22
2 6
2 12
2 27
2 33
0
62
1 0 27 18
1 3 32 13
1 9 32 13
1 9 22 10
1 29 3 5
2 1 5 12
2 1 27 29
2 2 6 11
2 2 7 13
2 4 1 2
2 4 10 3
2 4 31 9
2 5 6 56
2 10 5 60
2 10 13 3
2 10 31 25
2 11 6 10
2 11 7 1
2 12 8 45
2 13 11 40
2 13 12 40
2 14 10 20
2 14 13 40
2 15 13 21
2 16 12 9
2 16 13 4
2 16 22 4
2 16 34 1
2 17 4 10
2 17 14 60
2 17 33 2
2 18 14 18
2 18 19 2
2 18 33 1
2 19 15 7
2 19 18 1
2 20 15 8
2 20 21 2
2 21 20 1
2 21 25 4
2 21 34 1
2 22 9 10
2 23 17 12
2 23 18 20
2 23 33 9
2 24 20 6
2 24 26 4
2 25 22 39
2 26 28 14
2 27 1 16
2 28 25 1
2 28 26 5
2 30 26 21
2 31 4 1
2 31 5 3
2 32 8 22
2 32 12 13
2 33 14 26
2 34 16 1
2 34 22 31
2 32 3 12
2 32 9 12
1 28
2 25
2 6
1 11
2 17
2 82
2 75
2 16
2 11
1 7
2 36
2 51
2 73
2 82
2 129
2 26
2 13
2 24
2 28
2 8
2 13
2 9
2 252
2 7
2 6
2 11
2 47
2 17
2 20
1 6
2 6
2 41
1 6
2 18
2 8
0
70
1 0 2 7
1 0 27 18
1 9 22 6
1 29 3 5
2 1 27 24
2 2 0 1
2 2 6 1
2 2 7 2
2 4 1 15
2 5 1 48
2 5 6 33
2 6 2 74
2 7 2 5
2 7 8 10
2 8 3 4
2 8 7 1
2 8 32 4
2 10 4 1
2 10 13 30
2 10 31 3
2 11 6 8
2 11 7 27
2 11 13 15
2 12 9 42
2 12 32 30
2 13 12 40
2 13 16 38
2 14 10 20
2 14 13 40
2 15 13 25
2 16 12 4
2 16 22 4
2 16 34 3
2 17 4 10
2 17 14 12
2 18 14 25
2 18 33 2
2 19 15 4
2 19 18 3
2 20 15 1
2 20 21 11
2 21 16 1
2 21 25 2
2 21 34 4
2 22 9 10
2 23 17 2
2 23 30 1
2 23 33 2
2 24 19 1
2 24 20 2
2 24 26 2
2 25 21 1
2 25 22 6
2 25 28 1
2 25 34 1
2 26 28 46
2 27 1 16
2 28 25 19
2 30 23 3
2 30 26 2
2 31 1 38
2 33 14 16
2 33 23 1
2 34 16 1
2 34 22 4
2 34 25 1
1 32 3 6
1 32 8 6
1 32 9 6
1 32 12 6
1 17
2 123
2 79
1 23
2 18
2 6
2 48
2 36
2 11
2 12
2 32
2 11
2 49
2 124
2 132
2 16
2 52
2 9
2 9
2 7
2 8
2 19
2 255
2 11
2 6
2 29
2 20
2 12
2 53
1 6
2 7
2 11
2 11
2 10
2 15
0
74
1 0 27 13
1 3 32 12
1 29 3 5
2 1 27 100
2 2 0 78
2 4 1 10
2 4 10 1
2 4 31 5
2 5 1 2
2 5 6 2
2 6 2 47
2 7 2 12
2 7 8 23
2 8 7 1
2 8 12 3
2 8 32 4
2 9 3 1
2 9 12 1
2 9 22 4
2 9 32 3
2 10 4 20
2 10 5 4
2 10 13 1
2 10 31 6
2 11 6 7
2 11 7 3
2 12 8 16
2 12 9 31
2 13 11 40
2 13 12 40
2 13 16 27
2 14 10 20
2 14 13 40
2 14 17 15
2 15 13 15
2 16 12 2
2 16 22 49
2 17 4 7
2 18 14 5
2 18 23 1
2 18 19 1
2 19 15 6
2 20 15 4
2 20 21 2
2 21 16 13
2 21 25 5
2 22 9 10
2 22 25 80
2 23 17 4
2 23 18 2
2 23 33 4
2 24 19 1
2 24 20 1
2 24 26 3
2 25 22 28
2 26 28 19
2 27 0 11
2 28 25 52
2 30 23 2
2 30 26 4
2 31 1 3
2 31 4 4
2 31 5 1
2 31 10 2
2 32 8 13
2 32 9 17
2 32 12 13
2 33 14 4
2 33 17 4
2 33 23 1
2 34 16 1
2 34 22 8
2 34 25 4
2 32 3 11
2 19
2 43
2 65
1 9
2 38
2 12
2 15
2 10
2 60
2 66
2 34
2 51
2 71
2 83
2 76
2 21
2 52
2 30
2 9
2 8
2 8
2 8
2 259
2 10
2 6
2 147
2 23
2 93
2 25
1 6
2 6
2 17
1 9
2 10
2 7
0
68
2 0 29 18
2 1 27 42
2 2 0 64
2 4 1 13
2 4 10 24
2 5 1 4
2 5 10 2
2 5 6 2
2 5 31 3
2 6 2 13
2 7 2 7
2 7 8 2
2 8 3 10
2 8 32 49
2 9 3 15
2 9 32 50
2 10 13 31
2 10 31 1
2 11 7 50
2 12 32 70
2 13 10 1
2 13 12 29
2 13 15 1
2 13 16 40
2 14 10 18
2 14 13 40
2 15 13 20
2 16 12 2
2 16 13 29
2 16 22 18
2 17 14 29
2 18 23 1
2 18 19 2
2 18 33 4
2 19 15 7
2 20 24 1
2 20 21 6
2 21 16 5
2 21 25 1
2 22 9 10
2 22 16 60
2 23 17 2
2 23 18 3
2 23 33 3
2 24 19 4
2 24 20 1
2 25 21 21
2 25 22 80
2 25 34 20
2 26 24 2
2 26 28 20
2 27 0 92
2 28 25 24
2 30 23 4
2 30 26 1
2 31 1 9
2 31 5 2
2 31 10 4
2 33 14 4
2 33 17 2
2 33 18 3
2 34 16 2
2 34 21 1
2 34 22 2
1 32 3 9
1 32 8 9
1 32 9 9
1 32 12 9
2 172
2 32
2 26
2 23
2 6
2 8
2 9
2 56
1 11
2 7
2 61
2 11
2 33
2 142
2 61
2 19
2 120
2 10
2 13
2 12
2 7
2 35
2 294
2 12
2 9
2 56
2 17
2 48
2 26
2 17
2 6
2 11
2 165
2 13
2 27
0
81
1 8 32 10
2 0 2 86
2 0 29 84
2 1 4 20
2 1 5 1
2 1 27 5
2 1 31 5
2 2 7 25
2 3 8 22
2 4 17 1
2 4 10 3
2 5 1 1
2 5 10 1
2 5 6 4
2 5 31 1
2 6 2 2
2 6 5 1
2 6 11 5
2 7 8 55
2 9 3 2
2 9 12 2
2 9 32 1
2 10 5 1
2 10 14 2
2 10 13 40
2 11 7 10
2 12 8 15
2 12 9 1
2 12 13 2
2 12 32 12
2 13 11 40
2 13 12 40
2 13 16 25
2 14 10 2
2 14 13 40
2 15 13 18
2 16 12 20
2 16 13 40
2 17 14 3
2 17 33 5
2 18 14 10
2 18 33 1
2 19 15 10
2 19 18 1
2 20 15 2
2 20 24 1
2 20 21 3
2 21 16 34
2 22 9 10
2 22 16 60
2 22 34 45
2 23 17 1
2 23 18 6
2 23 33 4
2 24 19 5
2 24 20 3
2 25 21 2
2 25 22 22
2 25 34 31
2 26 24 13
2 26 28 3
2 27 0 47
2 28 25 25
2 29 0 1
2 29 3 15
2 30 23 4
2 30 26 1
2 31 1 1
2 31 4 6
2 31 10 2
2 32 3 219
2 32 8 265
2 32 12 175
2 33 14 8
2 33 17 3
2 33 18 1
2 34 16 14
2 34 21 8
2 34 22 1
2 34 25 2
2 32 9 165
2 65
2 8
2 94
2 242
2 33
2 9
2 10
2 41
2 6
2 183
2 36
2 56
2 250
2 187
2 52
2 23
2 203
2 12
2 15
2 11
2 9
2 19
2 207
2 10
2 20
2 33
2 17
2 11
2 9
2 90
2 6
2 13
2 9
2 16
2 83
2
