35 3
0.0 0.5 0
0.125 0.125 0
0.125 0.5 0
0.125 0.875 0
0.25 0.0 0
0.25 0.25 0
0.25 0.375 0
0.25 0.625 0
0.25 0.75 0
0.25 1.0 0
0.375 0.125 0
0.375 0.5 0
0.375 0.875 0
0.5 0.5 1
0.625 0.125 0
0.625 0.5 0
0.625 0.875 0
0.75 0.0 0
0.75 0.25 0
0.75 0.375 0
0.75 0.625 0
0.75 0.75 0
0.75 1.0 0
0.875 0.125 0
0.875 0.5 0
0.875 0.875 0
1.0 0.5 0
0.0625 0.3125 0
0.9375 0.6875 0
0.0625 0.6875 0
0.9375 0.3125 0
0.25 0.125 1
0.25 0.875 1
0.75 0.125 1
0.75 0.875 1
0 0 100 0 0 0 0 0 0 0 0 0 0 0 0 0 0 0 0 0 0 0 0 0 0 0 0 100 0 100 0 0 0 0 0
0 0 0 0 80 80 0 0 0 0 0 0 0 0 0 0 0 0 0 0 0 0 0 0 0 0 0 100 0 0 0 100 0 0 0
100 0 0 0 0 0 80 80 0 0 0 0 0 0 0 0 0 0 0 0 0 0 0 0 0 0 0 0 0 0 0 0 0 0 0
0 0 0 0 0 0 0 0 80 80 0 0 0 0 0 0 0 0 0 0 0 0 0 0 0 0 0 0 0 100 0 0 100 0 0
0 80 0 0 0 0 0 0 0 0 60 0 0 0 0 0 0 10 0 0 0 0 0 0 0 0 0 0 0 0 0 100 0 0 0
0 80 0 0 0 0 80 0 0 0 60 0 0 0 0 0 0 0 0 0 0 0 0 0 0 0 0 0 0 0 0 100 0 0 0
0 0 80 0 0 80 0 0 0 0 0 60 0 0 0 0 0 0 0 0 0 0 0 0 0 0 0 0 0 0 0 0 0 0 0
0 0 80 0 0 0 0 0 80 0 0 60 0 0 0 0 0 0 0 0 0 0 0 0 0 0 0 0 0 0 0 0 0 0 0
0 0 0 80 0 0 0 80 0 0 0 0 60 0 0 0 0 0 0 0 0 0 0 0 0 0 0 0 0 0 0 0 100 0 0
0 0 0 80 0 0 0 0 0 0 0 0 60 0 0 0 0 0 0 0 0 0 10 0 0 0 0 0 0 0 0 0 100 0 0
0 0 0 0 60 60 0 0 0 0 0 0 0 40 20 0 0 0 0 0 0 0 0 0 0 0 0 0 0 0 0 100 0 0 0
0 0 0 0 0 0 60 60 0 0 0 0 0 40 0 0 0 0 0 0 0 0 0 0 0 0 0 0 0 0 0 0 0 0 0
0 0 0 0 0 0 0 0 60 60 0 0 0 40 0 0 20 0 0 0 0 0 0 0 0 0 0 0 0 0 0 0 100 0 0
0 0 0 0 0 0 0 0 0 0 40 40 40 0 40 40 40 0 0 0 0 0 0 0 0 0 0 0 0 0 0 0 0 0 0
0 0 0 0 0 0 0 0 0 0 20 0 0 40 0 0 0 60 60 0 0 0 0 0 0 0 0 0 0 0 0 0 0 100 0
0 0 0 0 0 0 0 0 0 0 0 0 0 40 0 0 0 0 0 60 60 0 0 0 0 0 0 0 0 0 0 0 0 0 0
0 0 0 0 0 0 0 0 0 0 0 0 20 40 0 0 0 0 0 0 0 60 60 0 0 0 0 0 0 0 0 0 0 0 100
0 0 0 0 10 0 0 0 0 0 0 0 0 0 60 0 0 0 0 0 0 0 0 80 0 0 0 0 0 0 0 0 0 100 0
0 0 0 0 0 0 0 0 0 0 0 0 0 0 60 0 0 0 0 80 0 0 0 80 0 0 0 0 0 0 0 0 0 100 0
0 0 0 0 0 0 0 0 0 0 0 0 0 0 0 60 0 0 80 0 0 0 0 0 80 0 0 0 0 0 0 0 0 0 0
0 0 0 0 0 0 0 0 0 0 0 0 0 0 0 60 0 0 0 0 0 80 0 0 80 0 0 0 0 0 0 0 0 0 0
0 0 0 0 0 0 0 0 0 0 0 0 0 0 0 0 60 0 0 0 80 0 0 0 0 80 0 0 0 0 0 0 0 0 100
0 0 0 0 0 0 0 0 0 10 0 0 0 0 0 0 60 0 0 0 0 0 0 0 0 80 0 0 0 0 0 0 0 0 100
0 0 0 0 0 0 0 0 0 0 0 0 0 0 0 0 0 80 80 0 0 0 0 0 0 0 0 0 0 0 100 0 0 100 0
0 0 0 0 0 0 0 0 0 0 0 0 0 0 0 0 0 0 0 80 80 0 0 0 0 0 100 0 0 0 0 0 0 0 0
0 0 0 0 0 0 0 0 0 0 0 0 0 0 0 0 0 0 0 0 0 80 80 0 0 0 0 0 100 0 0 0 0 0 100
0 0 0 0 0 0 0 0 0 0 0 0 0 0 0 0 0 0 0 0 0 0 0 0 100 0 0 0 100 0 100 0 0 0 0
100 100 0 0 0 0 0 0 0 0 0 0 0 0 0 0 0 0 0 0 0 0 0 0 0 0 0 0 0 0 0 0 0 0 0
0 0 0 0 0 0 0 0 0 0 0 0 0 0 0 0 0 0 0 0 0 0 0 0 0 100 100 0 0 0 0 0 0 0 0
100 0 0 100 0 0 0 0 0 0 0 0 0 0 0 0 0 0 0 0 0 0 0 0 0 0 0 0 0 0 0 0 0 0 0
0 0 0 0 0 0 0 0 0 0 0 0 0 0 0 0 0 0 0 0 0 0 0 100 0 0 100 0 0 0 0 0 0 0 0
0 100 0 0 100 100 0 0 0 0 100 0 0 0 0 0 0 0 0 0 0 0 0 0 0 0 0 0 0 0 0 0 0 0 0
0 0 0 100 0 0 0 0 100 100 0 0 100 0 0 0 0 0 0 0 0 0 0 0 0 0 0 0 0 0 0 0 0 0 0
0 0 0 0 0 0 0 0 0 0 0 0 0 0 100 0 0 100 100 0 0 0 0 100 0 0 0 0 0 0 0 0 0 0 0
0 0 0 0 0 0 0 0 0 0 0 0 0 0 0 0 100 0 0 0 0 100 100 0 0 100 0 0 0 0 0 0 0 0 0
0
1 20
0 5
0 5
0 5
0 10
0 10
0 10
0 10
0 10
0 10
0 10
0 10
0 10
0 40
0 10
0 10
0 10
0 10
0 10
0 10
0 10
0 10
0 10
0 5
0 5
0 5
2 20
0 5
0 5
0 5
0 5
0 5
0 5
0 5
0 5
0
0
1 35
0 5
0 5
0 5
0 10
0 10
0 10
0 10
0 10
0 10
0 10
0 10
0 10
0 40
0 10
0 10
0 10
0 10
0 10
0 10
0 10
0 10
0 10
0 5
0 5
0 5
2 35
0 5
0 5
0 5
0 5
0 5
0 5
0 5
0 5
0
1
1 0 2 6
1 37
0 5
1 4
0 5
0 10
0 10
0 10
0 10
0 10
0 10
0 10
0 10
0 10
0 40
0 10
0 10
0 10
0 10
0 10
0 10
0 10
0 10
0 10
0 5
0 5
0 5
2 50
0 5
0 5
0 5
0 5
0 5
0 5
0 5
0 5
0
2
1 0 27 6
1 0 29 6
1 55
0 5
1 14
0 5
0 10
0 10
0 10
0 10
0 10
0 10
0 10
0 10
0 10
0 40
0 10
0 10
0 10
0 10
0 10
0 10
0 10
0 10
0 10
0 5
0 5
0 5
2 65
1 11
0 5
1 11
0 5
0 5
0 5
0 5
0 5
0
4
1 0 29 54
1 2 6 11
1 27 1 6
1 29 3 6
1 1
1 1
1 3
1 1
0 10
0 10
1 1
0 10
0 10
0 10
0 10
0 10
0 10
0 40
0 10
0 10
0 10
0 10
0 10
0 10
0 10
0 10
0 10
0 5
0 5
0 5
2 80
1 5
0 5
1 59
0 5
0 5
0 5
0 5
0 5
0
2
1 27 1 4
1 29 3 58
1 16
1 10
1 8
1 64
0 10
0 10
1 6
0 10
0 10
0 10
0 10
0 10
0 10
0 40
0 10
0 10
0 10
0 10
0 10
0 10
0 10
0 10
0 10
0 5
0 5
0 5
2 95
1 6
0 5
1 6
0 5
0 5
0 5
0 5
0 5
0
7
1 0 29 15
1 1 31 6
1 3 32 6
1 3 8 11
1 3 9 11
1 27 1 5
1 29 3 5
1 9
1 12
1 11
1 44
0 10
0 10
1 9
0 10
1 4
1 4
0 10
0 10
0 10
0 40
0 10
0 10
0 10
0 10
0 10
0 10
0 10
0 10
0 10
0 5
0 5
0 5
2 110
1 4
0 5
1 19
0 5
1 4
1 4
0 5
0 5
0
15
2 26 24 100
1 0 29 8
1 1 4 11
1 2 7 10
1 3 32 43
1 27 1 3
1 29 3 18
1 31 1 4
1 31 4 4
1 31 5 4
1 31 10 4
1 32 3 4
1 32 8 4
1 32 9 4
1 32 12 4
1 31
1 18
1 11
1 33
1 20
0 6
1 19
0 0
1 18
1 18
0 6
0 10
0 6
0 40
0 10
0 10
0 10
0 10
0 10
0 10
0 10
0 10
0 10
0 5
2 100
0 5
2 25
1 11
0 5
1 19
0 5
1 14
1 57
0 5
0 5
0
18
2 24 19 80
1 0 29 30
1 1 5 7
1 2 7 1
1 3 32 32
1 4 10 7
1 4 17 10
1 6 5 7
1 6 11 11
1 8 7 1
1 8 12 7
1 9 12 7
1 9 22 10
1 27 1 10
1 29 3 18
1 31 5 7
1 31 10 7
1 32 12 7
1 16
1 26
1 15
1 24
1 8
1 20
1 6
1 5
1 15
1 6
1 16
1 11
1 25
0 40
0 10
0 10
0 10
0 0
0 10
2 73
0 10
0 10
0 0
0 5
2 23
0 5
1 40
1 6
0 5
1 36
0 5
1 5
1 87
0 5
0 5
0
20
2 19 15 60
1 0 29 15
1 1 31 25
1 2 7 14
1 3 32 23
1 4 17 1
1 5 31 19
1 6 11 5
1 7 11 4
1 8 32 14
1 9 22 1
1 10 14 11
1 12 16 11
1 26 28 6
1 26 30 6
1 26 24 24
1 27 1 5
1 29 3 35
1 31 10 4
1 32 12 86
1 1
1 6
1 1
1 36
1 7
1 1
1 1
1 15
1 1
1 5
1 9
1 20
1 100
0 40
1 1
1 50
1 1
1 1
0 10
2 18
0 10
0 10
1 1
0 5
1 1
0 5
1 4
1 1
1 1
1 16
1 1
1 45
1 38
1 5
0 5
0
12
1 1 31 5
1 3 32 35
1 4 31 6
1 7 11 14
1 9 32 4
1 12 13 40
1 15 13 40
1 26 30 3
1 29 3 15
1 31 10 44
1 32 12 37
2 19 24 15
1 16
1 6
1 6
1 21
1 6
1 6
1 6
1 6
1 6
1 6
1 63
1 44
1 107
1 50
1 11
1 20
1 11
1 6
0 10
2 8
0 10
0 10
1 6
0 5
2 19
0 5
1 16
1 6
1 6
1 6
1 9
1 17
1 45
1 10
0 5
0
34
1 0 29 15
1 1 31 5
1 2 7 5
1 3 32 20
1 4 31 5
1 5 31 5
1 6 11 5
1 7 11 5
1 8 32 5
1 9 32 5
1 10 31 62
1 11 13 40
1 12 32 100
1 13 16 90
1 14 18 10
1 15 19 9
1 15 20 11
1 16 34 6
1 17 23 5
1 22 34 5
1 27 1 5
1 28 25 5
1 29 3 5
1 30 23 6
1 31 10 16
1 32 12 44
1 33 23 6
2 19 18 8
2 24 26 16
1 13 10 50
1 13 11 50
1 13 12 50
1 13 14 50
1 13 15 50
1 16
1 11
1 6
1 11
1 6
1 6
1 6
1 11
1 6
1 6
1 77
1 74
1 111
1 60
1 61
1 60
1 105
1 6
0 0
1 14
1 6
0 10
1 6
1 17
2 8
0 0
1 15
1 6
1 6
1 21
1 8
1 83
1 136
1 9
1 10
0
34
1 0 29 15
1 1 31 10
1 2 7 5
1 3 32 10
1 4 31 5
1 5 31 5
1 6 11 5
1 7 11 10
1 8 32 5
1 9 32 5
1 10 31 76
1 11 13 40
1 12 32 100
1 13 16 40
1 14 18 1
1 15 20 59
1 16 21 11
1 17 33 5
1 19 18 1
1 19 24 9
1 22 25 1
1 23 18 1
1 26 24 9
1 27 1 5
1 28 25 1
1 29 3 20
1 30 26 7
1 31 10 82
1 32 12 100
1 33 18 1
1 34 25 11
1 34 16 10
1 34 21 10
1 34 22 10
1 16
1 11
1 6
1 26
1 6
1 6
1 6
1 11
1 6
1 6
1 93
1 59
1 121
1 70
1 70
1 11
1 154
1 6
1 5
1 9
1 70
1 15
1 20
1 21
1 13
1 18
1 28
1 6
1 10
1 21
1 6
1 102
1 161
1 18
1 14
1
