35 3
0.0 0.5 0
0.125 0.125 0
0.125 0.5 0
0.125 0.875 0
0.25 0.0 0
0.25 0.25 0
0.25 0.375 0
0.25 0.625 0
0.25 0.75 0
0.25 1.0 0
0.375 0.125 0
0.375 0.5 0
0.375 0.875 0
0.5 0.5 1
0.625 0.125 0
0.625 0.5 0
0.625 0.875 0
0.75 0.0 0
0.75 0.25 0
0.75 0.375 0
0.75 0.625 0
0.75 0.75 0
0.75 1.0 0
0.875 0.125 0
0.875 0.5 0
0.875 0.875 0
1.0 0.5 0
0.0625 0.3125 0
0.9375 0.6875 0
0.0625 0.6875 0
0.9375 0.3125 0
0.25 0.125 1
0.25 0.875 1
0.75 0.125 1
0.75 0.875 1
0 0 100 0 0 0 0 0 0 0 0 0 0 0 0 0 0 0 0 0 0 0 0 0 0 0 0 100 0 100 0 0 0 0 0
0 0 0 0 80 80 0 0 0 0 0 0 0 0 0 0 0 0 0 0 0 0 0 0 0 0 0 100 0 0 0 100 0 0 0
100 0 0 0 0 0 80 80 0 0 0 0 0 0 0 0 0 0 0 0 0 0 0 0 0 0 0 0 0 0 0 0 0 0 0
0 0 0 0 0 0 0 0 80 80 0 0 0 0 0 0 0 0 0 0 0 0 0 0 0 0 0 0 0 100 0 0 100 0 0
0 80 0 0 0 0 0 0 0 0 60 0 0 0 0 0 0 10 0 0 0 0 0 0 0 0 0 0 0 0 0 100 0 0 0
0 80 0 0 0 0 80 0 0 0 60 0 0 0 0 0 0 0 0 0 0 0 0 0 0 0 0 0 0 0 0 100 0 0 0
0 0 80 0 0 80 0 0 0 0 0 60 0 0 0 0 0 0 0 0 0 0 0 0 0 0 0 0 0 0 0 0 0 0 0
0 0 80 0 0 0 0 0 80 0 0 60 0 0 0 0 0 0 0 0 0 0 0 0 0 0 0 0 0 0 0 0 0 0 0
0 0 0 80 0 0 0 80 0 0 0 0 60 0 0 0 0 0 0 0 0 0 0 0 0 0 0 0 0 0 0 0 100 0 0
0 0 0 80 0 0 0 0 0 0 0 0 60 0 0 0 0 0 0 0 0 0 10 0 0 0 0 0 0 0 0 0 100 0 0
0 0 0 0 60 60 0 0 0 0 0 0 0 40 20 0 0 0 0 0 0 0 0 0 0 0 0 0 0 0 0 100 0 0 0
0 0 0 0 0 0 60 60 0 0 0 0 0 40 0 0 0 0 0 0 0 0 0 0 0 0 0 0 0 0 0 0 0 0 0
0 0 0 0 0 0 0 0 60 60 0 0 0 40 0 0 20 0 0 0 0 0 0 0 0 0 0 0 0 0 0 0 100 0 0
0 0 0 0 0 0 0 0 0 0 40 40 40 0 40 40 40 0 0 0 0 0 0 0 0 0 0 0 0 0 0 0 0 0 0
0 0 0 0 0 0 0 0 0 0 20 0 0 40 0 0 0 60 60 0 0 0 0 0 0 0 0 0 0 0 0 0 0 100 0
0 0 0 0 0 0 0 0 0 0 0 0 0 40 0 0 0 0 0 60 60 0 0 0 0 0 0 0 0 0 0 0 0 0 0
0 0 0 0 0 0 0 0 0 0 0 0 20 40 0 0 0 0 0 0 0 60 60 0 0 0 0 0 0 0 0 0 0 0 100
0 0 0 0 10 0 0 0 0 0 0 0 0 0 60 0 0 0 0 0 0 0 0 80 0 0 0 0 0 0 0 0 0 100 0
0 0 0 0 0 0 0 0 0 0 0 0 0 0 60 0 0 0 0 80 0 0 0 80 0 0 0 0 0 0 0 0 0 100 0
0 0 0 0 0 0 0 0 0 0 0 0 0 0 0 60 0 0 80 0 0 0 0 0 80 0 0 0 0 0 0 0 0 0 0
0 0 0 0 0 0 0 0 0 0 0 0 0 0 0 60 0 0 0 0 0 80 0 0 80 0 0 0 0 0 0 0 0 0 0
0 0 0 0 0 0 0 0 0 0 0 0 0 0 0 0 60 0 0 0 80 0 0 0 0 80 0 0 0 0 0 0 0 0 100
0 0 0 0 0 0 0 0 0 10 0 0 0 0 0 0 60 0 0 0 0 0 0 0 0 80 0 0 0 0 0 0 0 0 100
0 0 0 0 0 0 0 0 0 0 0 0 0 0 0 0 0 80 80 0 0 0 0 0 0 0 0 0 0 0 100 0 0 100 0
0 0 0 0 0 0 0 0 0 0 0 0 0 0 0 0 0 0 0 80 80 0 0 0 0 0 100 0 0 0 0 0 0 0 0
0 0 0 0 0 0 0 0 0 0 0 0 0 0 0 0 0 0 0 0 0 80 80 0 0 0 0 0 100 0 0 0 0 0 100
0 0 0 0 0 0 0 0 0 0 0 0 0 0 0 0 0 0 0 0 0 0 0 0 100 0 0 0 100 0 100 0 0 0 0
100 100 0 0 0 0 0 0 0 0 0 0 0 0 0 0 0 0 0 0 0 0 0 0 0 0 0 0 0 0 0 0 0 0 0
0 0 0 0 0 0 0 0 0 0 0 0 0 0 0 0 0 0 0 0 0 0 0 0 0 100 100 0 0 0 0 0 0 0 0
100 0 0 100 0 0 0 0 0 0 0 0 0 0 0 0 0 0 0 0 0 0 0 0 0 0 0 0 0 0 0 0 0 0 0
0 0 0 0 0 0 0 0 0 0 0 0 0 0 0 0 0 0 0 0 0 0 0 100 0 0 100 0 0 0 0 0 0 0 0
0 100 0 0 100 100 0 0 0 0 100 0 0 0 0 0 0 0 0 0 0 0 0 0 0 0 0 0 0 0 0 0 0 0 0
0 0 0 100 0 0 0 0 100 100 0 0 100 0 0 0 0 0 0 0 0 0 0 0 0 0 0 0 0 0 0 0 0 0 0
0 0 0 0 0 0 0 0 0 0 0 0 0 0 100 0 0 100 100 0 0 0 0 100 0 0 0 0 0 0 0 0 0 0 0
0 0 0 0 0 0 0 0 0 0 0 0 0 0 0 0 100 0 0 0 0 100 100 0 0 100 0 0 0 0 0 0 0 0 0
0
1 20
0 5
0 5
0 5
0 10
0 10
0 10
0 10
0 10
0 10
0 10
0 10
0 10
0 40
0 10
0 10
0 10
0 10
0 10
0 10
0 10
0 10
0 10
0 5
0 5
0 5
2 20
0 5
0 5
0 5
0 5
0 5
0 5
0 5
0 5
0
0
1 35
0 5
0 5
0 5
0 10
0 10
0 10
0 10
0 10
0 10
0 10
0 10
0 10
0 40
0 10
0 10
0 10
0 10
0 10
0 10
0 10
0 10
0 10
0 5
0 5
0 5
2 35
0 5
0 5
0 5
0 5
0 5
0 5
0 5
0 5
0
0
1 50
0 5
0 5
0 5
0 10
0 10
0 10
0 10
0 10
0 10
0 10
0 10
0 10
0 40
0 10
0 10
0 10
0 10
0 10
0 10
0 10
0 10
0 10
0 5
0 5
0 5
2 50
0 5
0 5
0 5
0 5
0 5
0 5
0 5
0 5
0
3
1 0 2 18
1 0 27 18
1 0 29 12
1 17
0 5
1 18
0 5
0 10
0 10
0 10
0 10
0 10
0 10
0 10
0 10
0 10
0 40
0 10
0 10
0 10
0 10
0 10
0 10
0 10
0 10
0 10
0 5
0 5
0 5
2 65
1 18
0 5
1 12
0 5
0 5
0 5
0 5
0 5
0
5
1 0 29 17
1 2 6 11
1 2 7 7
1 27 1 6
1 29 3 6
1 0
1 1
1 0
1 1
0 10
0 10
1 1
0 3
0 10
0 10
0 10
0 10
0 10
0 40
0 10
0 10
0 10
0 10
0 10
0 10
0 10
0 10
0 10
0 5
0 5
0 5
2 80
1 12
0 5
1 23
0 5
0 5
0 5
0 5
0 5
0
5
1 1 31 1
1 3 32 1
1 29 3 23
1 6 11 1
1 27 0 12
1 27
1 5
1 5
1 28
0 10
0 10
1 5
0 3
0 10
0 10
0 10
0 9
0 10
0 40
0 10
0 10
0 10
0 10
0 10
0 10
0 10
0 10
0 10
0 5
0 5
0 5
2 95
1 5
0 5
1 5
0 5
0 4
0 4
0 5
0 5
0
9
1 1 31 5
1 3 32 5
1 0 29 27
1 6 11 5
1 3 8 11
1 3 9 11
1 27 1 5
1 29 0 5
1 2 7 4
1 5
1 5
1 1
1 1
0 10
0 10
1 0
1 1
1 1
1 1
0 10
0 4
0 10
0 40
0 10
0 10
0 10
0 10
0 10
0 10
0 10
0 10
0 10
0 5
0 5
0 5
2 110
1 0
0 5
1 27
0 5
1 1
1 1
0 5
0 5
0
17
2 26 24 100
1 29 3 27
1 0 27 5
1 8 12 1
1 9 12 1
1 32 12 2
1 31 10 2
1 1 5 5
1 7 11 1
1 2 0 1
1 3 29 1
1 31 1 1
1 31 4 1
1 31 5 1
1 32 3 1
1 32 8 1
1 32 9 1
1 16
1 6
1 5
1 33
0 9
0 4
1 5
1 5
1 6
1 6
0 8
0 3
0 6
0 40
0 10
0 10
0 10
0 10
0 10
0 10
0 10
0 10
0 10
0 5
2 100
0 5
2 25
1 10
0 5
1 6
0 5
1 5
1 5
0 5
0 5
0
12
2 24 19 80
1 3 29 33
1 0 29 16
1 31 10 5
1 8 12 6
1 9 12 6
1 27 1 10
1 6 11 4
1 1 4 6
1 29 0 6
1 2 6 5
1 6 5 1
1 21
1 15
1 5
1 5
0 3
0 3
1 10
1 10
1 5
1 5
0 3
1 11
1 16
0 40
0 10
0 10
0 10
0 10
1 15
2 75
0 10
0 10
0 10
0 5
2 25
0 5
2 40
1 5
0 5
1 54
0 5
1 5
1 10
0 5
0 5
0
18
2 19 15 60
2 24 26 20
1 11 13 11
1 12 13 16
1 32 9 10
1 18 33 6
1 18 19 9
1 29 3 54
1 0 29 21
1 7 2 10
1 9 22 5
1 31 10 4
1 2 0 5
1 27 1 5
1 3 8 5
1 8 3 5
1 6 5 4
1 1 4 4
1 5
1 16
1 10
1 59
1 1
1 1
1 6
1 0
1 5
1 10
1 1
1 0
1 0
0 13
0 10
2 60
0 10
0 10
1 0
2 11
0 10
0 10
0 5
0 5
2 10
0 5
2 75
1 0
0 5
1 21
0 5
1 1
1 0
1 1
0 5
0
17
2 15 13 40
1 33 18 2
1 10 13 1
1 31 5 1
1 3 8 59
1 29 3 21
1 1 31 16
1 0 29 5
1 2 6 10
1 4 17 1
1 6 2 6
1 5 31 1
1 8 12 5
1 9 22 6
1 33 14 1
1 33 17 1
1 33 23 1
1 15
1 5
1 11
1 26
1 5
1 6
1 15
1 5
1 64
1 9
1 10
1 10
1 15
2 47
0 9
2 40
0 10
0 8
1 7
2 21
0 10
0 10
1 6
0 4
2 20
0 5
2 105
1 5
0 5
1 10
0 5
1 22
1 5
1 5
0 5
0
26
2 13 10 87
2 15 13 40
2 26 24 100
1 10 13 10
1 11 13 10
1 12 13 15
1 32 8 5
1 22 34 6
1 8 3 64
1 3 29 26
1 0 27 15
1 18 19 7
1 6 2 15
1 5 10 6
1 4 10 2
1 33 14 5
1 2 7 11
1 29 3 10
1 9 12 9
1 27 1 5
1 1 27 5
2 13 11 47
2 13 12 47
2 13 14 47
2 13 15 47
2 13 16 47
1 15
1 10
1 20
1 79
1 8
2 5
1 5
1 21
1 10
1 5
2 89
2 57
2 48
2 22
2 48
2 57
2 47
0 8
1 5
2 19
0 10
0 10
1 5
0 4
2 125
0 5
2 20
1 25
0 5
1 31
0 5
1 27
1 5
1 5
1 6
0
29
2 10 4 60
2 10 14 20
2 11 13 40
2 12 13 40
2 13 10 21
2 14 10 20
2 15 13 40
2 16 12 20
2 24 19 80
1 3 32 79
1 4 10 8
1 31 10 27
1 6 11 5
1 7 11 21
1 9 12 5
1 8 12 10
1 32 12 5
1 18 14 5
1 33 14 5
1 22 16 5
1 34 16 12
1 29 0 31
1 27 1 25
1 0 2 15
1 2 7 20
1 1 5 6
1 34 21 6
1 34 22 6
1 34 25 6
1 46
1 34
1 20
1 5
2 65
1 6
1 5
1 25
1 5
1 5
2 25
1 27
2 18
2 131
2 48
2 27
2 20
0 8
1 5
2 104
0 10
0 4
1 11
0 4
2 50
1 6
2 35
1 5
0 5
1 5
0 5
1 5
1 84
1 5
1 5
0
26
2 4 17 10
2 10 4 18
2 12 8 12
2 13 10 40
2 13 11 40
2 13 12 40
2 14 10 20
2 16 12 20
2 19 15 60
1 1 4 34
1 31 4 5
1 0 27 46
1 18 14 5
1 33 14 5
1 7 11 13
1 5 10 6
1 22 16 11
1 34 16 5
1 8 12 5
1 9 12 5
1 32 12 19
1 2 7 20
1 27 1 5
1 29 3 5
1 6 2 5
1 25 28 6
1 0
1 5
1 5
1 10
2 39
1 0
1 0
1 32
2 17
1 0
2 71
1 0
2 47
2 21
2 28
2 97
1 0
2 7
1 0
2 49
0 10
0 4
1 0
0 4
2 55
1 0
2 50
1 46
1 1
1 0
0 5
1 0
1 65
1 0
1 0
0
13
2 4 17 10
2 10 4 60
2 12 8 38
2 14 10 20
2 15 13 40
2 17 4 6
1 28 26 1
1 32 12 48
1 27 1 46
1 1 4 5
1 3 8 10
1 7 8 18
1 2 7 5
1 15
1 51
1 5
1 5
2 95
1 5
1 5
1 24
2 32
1 5
2 41
1 10
1 49
2 71
2 18
2 67
1 10
2 16
1 5
2 54
0 10
0 4
1 5
0 4
2 60
1 5
2 64
1 5
1 5
1 5
0 5
1 5
1 22
1 5
1 5
0
28
2 4 1 80
2 4 17 10
2 10 14 20
2 13 10 40
2 14 17 18
2 15 13 40
2 17 4 10
1 11 13 10
1 16 13 10
1 12 13 40
1 1 4 51
1 31 4 5
1 28 26 5
1 18 19 5
1 5 10 5
1 3 8 5
1 7 8 24
1 12 8 9
1 0 29 15
1 33 14 5
1 34 16 5
1 2 0 5
1 27 0 5
1 29 3 5
1 6 2 5
1 9 3 5
1 22 16 5
1 25 28 5
1 25
2 85
1 10
1 15
1 20
1 5
1 5
1 5
1 11
1 5
2 66
1 10
1 10
2 21
2 25
2 37
1 20
2 39
1 5
2 54
0 10
0 4
1 5
0 4
2 65
1 5
2 74
1 5
1 10
1 20
0 5
1 5
1 27
1 5
1 5
0
27
2 1 4 80
2 10 4 60
2 13 10 21
2 14 10 20
2 17 4 10
1 32 9 27
1 11 13 10
1 12 13 10
1 16 13 20
1 5 1 5
1 27 1 5
1 4 1 20
1 31 1 5
1 28 26 10
1 18 19 5
1 33 17 5
1 0 2 25
1 34 16 5
1 29 0 20
1 3 8 15
1 6 11 5
1 7 11 5
1 8 3 11
1 2 6 10
1 25 28 5
1 9 32 5
1 22 34 5
1 35
1 10
1 30
1 16
2 155
1 5
1 15
1 5
1 20
1 32
2 57
1 20
1 10
1 50
2 15
2 47
1 15
2 29
1 5
2 54
0 10
0 4
1 5
0 4
2 70
1 5
2 79
1 5
1 10
1 5
0 5
1 5
1 10
1 5
1 10
0
32
2 4 1 80
2 4 17 10
2 4 10 60
2 10 4 56
2 14 17 14
2 15 13 40
2 17 4 10
1 16 13 15
1 32 3 10
1 1 4 10
1 31 4 5
1 28 26 10
1 5 10 5
1 13 10 90
1 18 19 5
1 0 29 35
1 9 22 10
1 2 0 30
1 33 17 5
1 8 3 20
1 13 14 60
1 3 29 16
1 6 5 15
1 25 28 5
1 27 0 5
1 29 0 5
1 7 8 5
1 22 25 5
1 13 11 50
1 13 12 50
1 13 15 50
1 13 16 50
1 55
2 85
1 5
1 35
2 61
1 20
1 5
1 5
1 10
1 27
1 71
1 80
1 70
2 35
1 69
1 53
1 60
2 43
1 5
2 54
0 10
0 4
1 15
0 4
2 75
1 10
2 84
1 5
1 10
1 56
0 5
1 5
1 5
1 5
1 15
0
30
2 1 4 80
2 4 17 10
2 13 11 63
2 17 4 10
1 15 13 36
1 32 9 5
1 28 26 10
1 27 1 5
1 5 1 20
1 31 1 5
1 0 2 55
1 10 4 60
1 29 0 56
1 18 19 5
1 15 19 17
1 14 17 44
1 3 29 35
1 9 12 27
1 22 25 15
1 8 32 10
1 25 28 10
1 2 0 5
1 6 2 5
1 7 8 5
1 33 23 5
2 13 10 35
2 13 12 35
2 13 14 35
2 13 15 35
2 13 16 35
1 76
1 30
1 65
1 5
2 86
1 5
1 5
1 5
1 10
1 10
2 34
1 27
1 72
1 39
2 20
2 45
1 35
1 6
1 5
2 37
0 10
0 4
1 5
1 6
2 80
1 20
2 89
1 5
1 15
1 40
0 5
1 5
1 15
1 5
1 20
0
34
2 4 1 80
2 10 5 28
2 14 10 20
2 15 13 40
2 24 19 80
1 12 13 40
1 16 13 35
1 11 13 6
1 32 3 15
1 28 26 15
1 17 4 6
1 1 4 30
1 31 4 5
1 0 29 76
1 2 7 65
1 13 15 78
1 29 3 40
1 5 10 5
1 18 19 5
1 33 14 5
1 25 28 20
1 8 7 10
1 9 12 10
1 27 1 5
1 6 11 5
1 7 11 5
1 3 32 5
1 22 25 5
1 23 30 6
1 13 10 39
1 13 11 39
1 13 12 39
1 13 14 39
1 13 16 39
1 8
2 80
1 3
1 58
1 38
2 33
1 3
1 78
1 3
1 3
1 31
1 75
1 86
1 46
1 5
1 78
1 44
1 3
1 3
2 117
0 10
0 4
1 3
1 3
2 5
1 8
2 89
1 3
1 23
1 79
1 4
1 3
1 8
1 3
1 23
0
27
2 1 4 80
2 19 15 60
1 13 10 40
1 32 12 8
1 33 18 3
1 18 19 3
1 15 19 60
1 30 26 4
1 28 26 23
1 12 9 60
1 27 1 3
1 4 1 38
1 31 1 3
1 29 3 79
1 11 13 40
1 7 8 78
1 3 8 58
1 6 5 3
1 10 5 31
1 25 28 8
1 0 2 8
1 14 18 5
1 15 20 11
1 23 30 3
1 8 12 3
1 9 22 3
1 22 16 3
1 15
1 49
1 16
1 84
2 85
1 38
1 5
1 5
1 141
1 65
1 50
1 45
1 47
1 56
1 10
2 63
1 57
1 8
1 13
1 62
1 6
0 4
1 8
1 5
2 10
1 5
2 77
1 5
1 13
1 5
1 8
1 5
1 5
1 5
1 28
0
29
2 4 1 80
2 15 13 40
1 32 3 5
1 8 7 80
1 17 4 8
1 1 4 49
1 10 4 50
1 30 26 8
1 28 26 13
1 3 8 80
1 20 15 6
1 19 15 60
1 9 22 10
1 18 19 13
1 13 10 10
1 12 16 20
1 11 13 40
1 5 1 38
1 0 29 15
1 2 6 16
1 14 13 10
1 25 28 5
1 19 24 2
1 22 16 8
1 23 30 5
1 27 1 5
1 29 0 5
1 6 2 5
1 7 8 5
1 20
2 42
1 10
1 14
1 107
1 5
1 21
1 85
1 151
1 60
1 20
1 15
1 37
1 66
1 10
1 33
1 95
1 5
1 5
1 18
1 5
0 4
1 15
1 5
2 13
1 5
2 71
1 5
1 10
1 20
1 10
1 10
1 5
1 10
1 33
0
27
2 1 27 40
1 13 14 40
1 4 31 27
1 10 31 20
1 33 18 10
1 32 3 5
1 8 3 80
1 7 8 80
1 28 26 10
1 30 26 10
1 9 32 60
1 5 1 5
1 27 1 5
1 4 1 43
1 12 9 37
1 0 27 20
1 6 11 21
1 29 3 20
1 11 6 15
1 18 19 5
1 22 9 10
1 14 13 10
1 3 8 14
1 20 24 5
1 19 24 14
1 2 6 10
1 25 28 5
1 15
1 56
1 5
1 110
1 42
1 5
1 30
1 10
1 170
1 52
1 10
1 31
1 10
1 46
1 50
1 43
1 105
1 10
1 15
1 14
1 5
0 4
1 10
1 10
1 18
1 5
2 66
2 25
1 10
1 5
1 5
1 62
1 65
1 5
1 38
0
29
1 32 8 65
1 31 5 62
1 13 11 40
1 33 17 5
1 8 3 80
1 3 8 80
1 30 26 5
1 28 26 10
1 24 26 18
1 14 33 50
1 9 12 52
1 15 13 40
1 4 1 42
1 11 13 31
1 6 5 30
1 0 27 15
1 1 27 26
1 2 0 5
1 29 0 5
1 19 24 14
1 20 24 5
1 18 19 15
1 10 4 10
1 12 8 10
1 7 2 10
1 22 34 10
1 17 33 10
1 25 28 5
1 5 1 5
1 25
1 82
1 15
1 115
1 15
1 97
1 5
1 5
1 250
1 5
1 10
1 50
1 62
1 87
1 10
1 13
1 115
1 10
1 5
1 20
1 5
0 4
1 5
1 15
1 24
1 5
2 48
1 30
1 10
1 5
1 5
1 5
1 5
1 65
1 53
0
30
1 13 11 40
1 33 14 65
1 31 1 5
1 32 9 5
1 8 12 60
1 3 29 100
1 5 31 97
1 1 5 80
1 12 32 62
1 30 26 5
1 28 26 10
1 24 26 24
1 11 13 40
1 0 29 25
1 27 0 30
1 20 24 5
1 15 20 13
1 2 0 15
1 4 10 15
1 23 17 15
1 10 13 10
1 14 33 10
1 17 14 10
1 25 28 5
1 29 3 5
1 6 5 5
1 7 2 5
1 9 12 5
1 22 25 5
1 18 23 5
1 60
1 12
1 10
1 25
1 5
1 90
1 5
1 5
1 195
1 10
1 25
1 60
1 75
1 107
1 85
1 10
1 125
1 20
1 5
1 25
1 18
0 4
1 5
1 10
1 10
1 10
2 24
1 5
1 10
1 130
1 5
1 102
1 67
1 15
1 58
0
31
1 13 12 40
1 31 1 100
1 32 3 67
1 33 23 15
1 8 32 100
1 29 0 100
1 5 10 60
1 14 10 20
1 12 32 75
1 0 2 60
1 11 13 40
1 30 26 5
1 24 26 10
1 28 26 10
1 10 5 25
1 3 29 25
1 19 18 25
1 17 23 20
1 15 13 10
1 1 5 12
1 2 7 10
1 9 22 10
1 23 17 10
1 25 28 10
1 20 24 18
1 27 0 5
1 6 5 5
1 7 8 5
1 4 10 5
1 22 16 5
1 18 14 5
1 120
1 105
1 65
1 72
1 5
1 77
1 5
1 15
1 105
1 5
1 95
1 30
1 50
1 127
1 80
1 10
1 140
1 15
1 30
1 5
1 5
0 4
1 15
1 40
1 23
1 5
1 16
1 5
1 15
1 60
1 5
1 7
1 180
1 5
1 63
1
