35 3
0.0 0.5 0
0.125 0.125 0
0.125 0.5 0
0.125 0.875 0
0.25 0.0 0
0.25 0.25 0
0.25 0.375 0
0.25 0.625 0
0.25 0.75 0
0.25 1.0 0
0.375 0.125 0
0.375 0.5 0
0.375 0.875 0
0.5 0.5 1
0.625 0.125 0
0.625 0.5 0
0.625 0.875 0
0.75 0.0 0
0.75 0.25 0
0.75 0.375 0
0.75 0.625 0
0.75 0.75 0
0.75 1.0 0
0.875 0.125 0
0.875 0.5 0
0.875 0.875 0
1.0 0.5 0
0.0625 0.3125 0
0.9375 0.6875 0
0.0625 0.6875 0
0.9375 0.3125 0
0.25 0.125 1
0.25 0.875 1
0.75 0.125 1
0.75 0.875 1
0 0 100 0 0 0 0 0 0 0 0 0 0 0 0 0 0 0 0 0 0 0 0 0 0 0 0 100 0 100 0 0 0 0 0
0 0 0 0 80 80 0 0 0 0 0 0 0 0 0 0 0 0 0 0 0 0 0 0 0 0 0 100 0 0 0 100 0 0 0
100 0 0 0 0 0 80 80 0 0 0 0 0 0 0 0 0 0 0 0 0 0 0 0 0 0 0 0 0 0 0 0 0 0 0
0 0 0 0 0 0 0 0 80 80 0 0 0 0 0 0 0 0 0 0 0 0 0 0 0 0 0 0 0 100 0 0 100 0 0
0 80 0 0 0 0 0 0 0 0 60 0 0 0 0 0 0 10 0 0 0 0 0 0 0 0 0 0 0 0 0 100 0 0 0
0 80 0 0 0 0 80 0 0 0 60 0 0 0 0 0 0 0 0 0 0 0 0 0 0 0 0 0 0 0 0 100 0 0 0
0 0 80 0 0 80 0 0 0 0 0 60 0 0 0 0 0 0 0 0 0 0 0 0 0 0 0 0 0 0 0 0 0 0 0
0 0 80 0 0 0 0 0 80 0 0 60 0 0 0 0 0 0 0 0 0 0 0 0 0 0 0 0 0 0 0 0 0 0 0
0 0 0 80 0 0 0 80 0 0 0 0 60 0 0 0 0 0 0 0 0 0 0 0 0 0 0 0 0 0 0 0 100 0 0
0 0 0 80 0 0 0 0 0 0 0 0 60 0 0 0 0 0 0 0 0 0 10 0 0 0 0 0 0 0 0 0 100 0 0
0 0 0 0 60 60 0 0 0 0 0 0 0 40 20 0 0 0 0 0 0 0 0 0 0 0 0 0 0 0 0 100 0 0 0
0 0 0 0 0 0 60 60 0 0 0 0 0 40 0 0 0 0 0 0 0 0 0 0 0 0 0 0 0 0 0 0 0 0 0
0 0 0 0 0 0 0 0 60 60 0 0 0 40 0 0 20 0 0 0 0 0 0 0 0 0 0 0 0 0 0 0 100 0 0
0 0 0 0 0 0 0 0 0 0 40 40 40 0 40 40 40 0 0 0 0 0 0 0 0 0 0 0 0 0 0 0 0 0 0
0 0 0 0 0 0 0 0 0 0 20 0 0 40 0 0 0 60 60 0 0 0 0 0 0 0 0 0 0 0 0 0 0 100 0
0 0 0 0 0 0 0 0 0 0 0 0 0 40 0 0 0 0 0 60 60 0 0 0 0 0 0 0 0 0 0 0 0 0 0
0 0 0 0 0 0 0 0 0 0 0 0 20 40 0 0 0 0 0 0 0 60 60 0 0 0 0 0 0 0 0 0 0 0 100
0 0 0 0 10 0 0 0 0 0 0 0 0 0 60 0 0 0 0 0 0 0 0 80 0 0 0 0 0 0 0 0 0 100 0
0 0 0 0 0 0 0 0 0 0 0 0 0 0 60 0 0 0 0 80 0 0 0 80 0 0 0 0 0 0 0 0 0 100 0
0 0 0 0 0 0 0 0 0 0 0 0 0 0 0 60 0 0 80 0 0 0 0 0 80 0 0 0 0 0 0 0 0 0 0
0 0 0 0 0 0 0 0 0 0 0 0 0 0 0 60 0 0 0 0 0 80 0 0 80 0 0 0 0 0 0 0 0 0 0
0 0 0 0 0 0 0 0 0 0 0 0 0 0 0 0 60 0 0 0 80 0 0 0 0 80 0 0 0 0 0 0 0 0 100
0 0 0 0 0 0 0 0 0 10 0 0 0 0 0 0 60 0 0 0 0 0 0 0 0 80 0 0 0 0 0 0 0 0 100
0 0 0 0 0 0 0 0 0 0 0 0 0 0 0 0 0 80 80 0 0 0 0 0 0 0 0 0 0 0 100 0 0 100 0
0 0 0 0 0 0 0 0 0 0 0 0 0 0 0 0 0 0 0 80 80 0 0 0 0 0 100 0 0 0 0 0 0 0 0
0 0 0 0 0 0 0 0 0 0 0 0 0 0 0 0 0 0 0 0 0 80 80 0 0 0 0 0 100 0 0 0 0 0 100
0 0 0 0 0 0 0 0 0 0 0 0 0 0 0 0 0 0 0 0 0 0 0 0 100 0 0 0 100 0 100 0 0 0 0
100 100 0 0 0 0 0 0 0 0 0 0 0 0 0 0 0 0 0 0 0 0 0 0 0 0 0 0 0 0 0 0 0 0 0
0 0 0 0 0 0 0 0 0 0 0 0 0 0 0 0 0 0 0 0 0 0 0 0 0 100 100 0 0 0 0 0 0 0 0
100 0 0 100 0 0 0 0 0 0 0 0 0 0 0 0 0 0 0 0 0 0 0 0 0 0 0 0 0 0 0 0 0 0 0
0 0 0 0 0 0 0 0 0 0 0 0 0 0 0 0 0 0 0 0 0 0 0 100 0 0 100 0 0 0 0 0 0 0 0
0 100 0 0 100 100 0 0 0 0 100 0 0 0 0 0 0 0 0 0 0 0 0 0 0 0 0 0 0 0 0 0 0 0 0
0 0 0 100 0 0 0 0 100 100 0 0 100 0 0 0 0 0 0 0 0 0 0 0 0 0 0 0 0 0 0 0 0 0 0
0 0 0 0 0 0 0 0 0 0 0 0 0 0 100 0 0 100 100 0 0 0 0 100 0 0 0 0 0 0 0 0 0 0 0
0 0 0 0 0 0 0 0 0 0 0 0 0 0 0 0 100 0 0 0 0 100 100 0 0 100 0 0 0 0 0 0 0 0 0
0
1 20
0 5
0 5
0 5
0 10
0 10
0 10
0 10
0 10
0 10
0 10
0 10
0 10
0 40
0 10
0 10
0 10
0 10
0 10
0 10
0 10
0 10
0 10
0 5
0 5
0 5
2 20
0 5
0 5
0 5
0 5
0 5
0 5
0 5
0 5
0
0
1 35
0 5
0 5
0 5
0 10
0 10
0 10
0 10
0 10
0 10
0 10
0 10
0 10
0 40
0 10
0 10
0 10
0 10
0 10
0 10
0 10
0 10
0 10
0 5
0 5
0 5
2 35
0 5
0 5
0 5
0 5
0 5
0 5
0 5
0 5
0
6
2 26 24 11
2 26 28 11
2 26 30 11
1 0 2 10
1 0 27 10
1 0 29 10
1 35
0 5
1 15
0 5
0 10
0 10
0 10
0 10
0 10
0 10
0 10
0 10
0 10
0 40
0 10
0 10
0 10
0 10
0 10
0 10
0 10
0 10
0 10
0 5
2 11
2 10
2 17
1 15
2 11
1 15
2 11
0 5
0 5
2 10
0 5
0
19
1 0 2 20
1 2 6 15
1 27 1 10
1 29 3 10
2 24 19 5
2 24 20 5
2 25 21 3
2 25 22 3
2 25 34 3
2 26 24 5
2 26 28 5
2 26 30 5
2 28 25 5
2 28 26 5
2 30 23 10
2 33 14 2
2 33 17 2
2 33 18 2
2 33 23 2
1 23
1 8
1 23
1 8
0 10
0 10
1 8
0 10
0 10
0 10
0 10
0 10
0 10
0 40
0 8
0 10
0 10
0 8
0 8
0 5
0 5
0 7
0 7
2 10
2 11
2 11
2 22
1 8
2 11
1 8
1 9
0 5
0 5
2 7
0 2
0
18
2 23 17 2
2 23 18 2
2 23 33 2
2 24 19 3
2 24 20 3
2 24 26 3
2 25 21 3
2 25 22 3
2 25 34 3
2 26 24 10
2 28 25 5
2 28 26 5
2 33 14 1
2 33 17 1
2 33 18 1
2 33 23 1
1 0 27 13
1 2 6 13
1 25
1 13
1 15
1 13
0 10
0 10
1 26
0 10
0 10
0 10
0 10
0 10
0 10
0 40
0 7
0 10
0 10
0 5
0 5
0 2
0 2
0 4
0 4
2 5
2 12
2 7
2 20
1 26
2 1
1 13
1 14
0 5
0 5
2 5
2 1
0
22
2 23 17 1
2 23 18 1
2 23 33 1
2 24 19 3
2 24 20 3
2 24 26 3
2 25 21 2
2 25 22 2
2 25 34 2
2 26 24 9
2 33 14 1
2 33 17 1
2 33 18 1
2 33 23 1
1 0 2 20
1 2 7 15
1 6 2 20
1 30 23 10
2 34 16 1
2 34 21 1
2 34 22 1
2 34 25 1
1 35
1 23
1 50
1 23
0 10
0 10
1 16
1 15
0 10
0 10
0 10
0 10
0 10
0 40
0 6
0 10
0 9
0 3
0 3
2 6
2 6
0 1
0 1
1 17
2 17
2 7
2 29
1 36
2 6
1 23
1 14
0 5
0 5
2 7
2 8
0
28
2 19 15 2
2 19 18 2
2 20 15 2
2 20 21 2
2 24 19 5
2 24 20 5
2 24 26 5
2 25 21 2
2 25 22 2
2 25 34 2
2 26 30 28
2 28 25 2
2 28 26 2
2 33 14 1
2 33 17 1
2 33 18 1
2 33 23 1
2 34 16 1
2 34 21 1
2 34 22 1
2 34 25 1
1 0 29 28
1 1 4 15
1 2 0 40
1 3 8 15
1 6 5 15
1 7 8 15
1 23 18 8
1 55
1 11
1 13
1 11
1 8
1 8
1 4
1 3
1 13
0 10
0 10
0 10
0 10
0 40
0 5
0 6
0 8
0 2
1 8
2 12
2 12
2 9
2 6
1 11
2 7
2 9
2 23
1 39
2 7
1 54
2 19
0 5
0 5
2 8
2 11
0
34
2 19 15 5
2 19 18 5
2 20 15 5
2 20 21 5
2 21 16 2
2 21 20 2
2 21 34 2
2 22 9 1
2 22 16 1
2 22 34 1
2 24 19 2
2 24 20 2
2 24 26 2
2 25 21 2
2 25 22 2
2 25 28 2
2 25 34 2
2 26 24 7
2 26 28 7
2 26 30 7
2 28 25 3
2 28 26 3
2 30 23 18
2 33 14 1
2 33 17 1
2 33 18 1
2 33 23 1
2 34 16 3
2 34 21 3
2 34 22 3
1 0 2 18
1 2 6 9
1 27 1 16
1 29 3 16
1 52
1 32
1 27
1 32
1 13
1 13
1 18
1 8
1 18
0 9
0 10
0 10
0 10
0 40
0 4
2 16
0 2
0 1
1 7
2 9
2 11
2 18
2 13
2 16
2 13
2 9
2 22
1 28
2 15
1 43
2 13
0 5
0 5
2 9
2 12
0
44
2 15 13 7
2 15 19 7
2 19 15 4
2 19 18 4
2 20 15 3
2 20 24 3
2 20 21 3
2 21 16 8
2 21 34 8
2 22 9 4
2 22 16 4
2 22 34 4
2 23 17 5
2 23 18 5
2 23 33 5
2 24 19 4
2 24 20 4
2 24 26 4
2 25 21 2
2 25 22 2
2 25 28 2
2 25 34 2
2 26 24 7
2 26 28 7
2 26 30 7
2 28 25 7
2 28 26 7
2 30 23 6
2 30 26 6
2 33 14 2
2 33 17 2
2 33 18 2
2 33 23 2
2 34 16 3
2 34 21 3
2 34 22 3
1 0 2 32
1 1 4 18
1 1 31 10
1 2 6 23
1 3 8 23
1 6 5 18
1 8 7 13
1 29 3 37
1 35
1 9
1 41
1 51
1 36
1 36
1 28
1 26
1 33
0 5
0 10
0 10
0 10
0 33
0 2
2 9
2 13
2 1
2 4
2 12
1 11
2 10
2 6
2 9
2 11
2 8
2 18
1 33
2 10
1 11
2 8
1 10
0 5
2 6
2 17
0
51
2 15 13 4
2 16 12 3
2 16 13 3
2 16 21 3
2 16 22 3
2 18 14 1
2 18 33 1
2 19 15 3
2 19 18 3
2 19 24 3
2 21 16 4
2 22 9 2
2 22 16 2
2 23 17 2
2 23 18 2
2 23 30 2
2 23 33 2
2 25 21 1
2 25 22 1
2 25 28 1
2 25 34 1
2 26 24 5
2 26 28 5
2 26 30 5
2 28 25 4
2 28 26 4
2 30 23 3
2 30 26 3
2 33 14 1
2 33 17 1
2 33 18 1
2 34 16 4
2 34 21 4
2 34 22 4
2 34 25 4
1 2 0 40
1 3 8 38
1 3 9 10
1 4 1 14
1 4 17 6
1 4 10 15
1 5 1 14
1 5 10 15
1 6 11 15
1 7 11 15
1 8 7 31
1 27 1 14
1 31 1 10
1 31 4 10
1 31 5 10
1 31 10 10
1 90
1 66
1 6
1 8
1 16
1 22
1 18
1 47
1 45
1 10
1 40
1 20
1 17
0 26
0 0
2 18
2 21
1 7
2 13
2 8
1 16
2 19
2 15
2 9
2 24
2 17
2 25
1 24
2 13
1 16
2 14
1 15
0 5
2 11
2 7
0
53
1 0 2 11
1 0 27 29
1 0 29 21
1 1 4 21
1 1 5 27
1 4 17 10
1 6 2 11
1 7 2 11
1 7 11 25
1 8 3 13
1 8 12 22
1 8 32 10
1 10 4 21
1 10 14 5
1 12 9 15
1 17 14 5
1 29 3 13
2 15 13 8
2 16 12 5
2 16 13 5
2 16 21 5
2 16 22 5
2 18 14 4
2 18 23 4
2 18 33 4
2 19 15 2
2 19 18 2
2 19 24 2
2 21 16 9
2 22 9 7
2 22 16 7
2 23 17 2
2 23 18 2
2 23 33 2
2 25 21 4
2 25 22 4
2 25 28 4
2 25 34 4
2 26 24 8
2 26 28 8
2 26 30 8
2 28 25 6
2 28 26 6
2 30 23 6
2 30 26 6
2 33 14 2
2 33 17 2
2 33 18 2
2 33 23 2
2 34 16 1
2 34 21 1
2 34 22 1
2 34 25 1
1 37
1 21
1 42
1 37
1 51
1 52
1 10
1 14
1 3
1 21
1 19
1 50
1 24
0 13
1 5
2 22
2 28
1 11
2 12
2 7
1 19
2 25
2 16
2 20
2 39
2 13
2 28
1 56
2 18
1 27
2 15
1 18
1 8
2 14
2 12
0
56
1 0 29 32
1 2 0 42
1 3 8 8
1 3 9 26
1 4 1 26
1 4 17 10
1 5 1 26
1 5 10 24
1 7 8 8
1 9 22 10
1 10 14 10
1 11 6 15
1 11 7 19
1 12 8 8
1 17 14 10
1 27 0 42
1 32 8 16
2 15 13 10
2 16 12 6
2 16 13 6
2 16 21 6
2 16 22 6
2 18 14 3
2 18 23 3
2 18 33 3
2 19 15 2
2 19 18 2
2 19 24 2
2 21 16 12
2 22 9 7
2 22 16 7
2 23 17 6
2 23 18 6
2 23 33 6
2 25 21 3
2 25 22 3
2 25 28 3
2 25 34 3
2 26 24 9
2 26 28 9
2 26 30 9
2 28 25 8
2 28 26 8
2 30 23 7
2 30 26 7
2 33 14 3
2 33 17 3
2 33 18 3
2 33 23 3
2 34 16 2
2 34 21 2
2 34 22 2
2 34 25 2
1 32 3 8
1 32 9 8
1 32 12 8
1 104
1 78
1 5
1 16
1 20
1 7
1 30
1 30
1 48
1 43
1 43
1 26
1 28
2 18
1 29
2 19
2 30
1 7
2 17
2 4
1 24
2 27
2 6
2 18
2 53
2 14
2 24
1 19
2 17
1 64
2 13
1 23
1 5
2 14
2 10
0
64
1 0 2 10
1 0 27 24
1 0 29 69
1 1 4 25
1 1 5 12
1 1 27 24
1 3 32 10
1 4 17 10
1 6 2 10
1 6 5 12
1 7 2 10
1 8 3 21
1 9 3 21
1 9 22 10
1 9 32 10
1 10 4 25
1 10 5 12
1 11 13 23
1 12 13 23
1 14 13 23
1 20 15 24
1 29 3 21
2 13 10 20
2 13 11 20
2 13 12 20
2 13 14 20
2 13 15 20
2 13 16 20
2 15 13 9
2 16 12 7
2 16 13 7
2 16 21 7
2 16 22 7
2 18 14 5
2 18 23 5
2 18 33 5
2 19 15 1
2 19 18 1
2 19 24 1
2 21 16 13
2 22 9 2
2 22 16 2
2 23 17 5
2 23 18 5
2 23 33 5
2 25 21 3
2 25 22 3
2 25 28 3
2 25 34 3
2 26 24 7
2 26 28 7
2 26 30 7
2 28 25 8
2 28 26 8
2 30 23 6
2 30 26 6
2 33 14 3
2 33 17 3
2 33 18 3
2 33 23 3
2 34 16 2
2 34 21 2
2 34 22 2
2 34 25 2
1 16
1 22
1 40
1 74
1 65
1 48
1 13
1 25
1 32
1 5
2 24
2 27
2 15
1 57
2 32
2 17
2 49
1 14
2 16
2 6
1 5
2 31
2 9
2 22
2 66
2 17
2 32
1 72
2 16
1 117
2 13
1 28
1 30
2 17
2 10
0
67
1 2 0 21
1 2 6 18
1 3 8 37
1 3 9 10
1 4 1 27
1 4 17 10
1 5 1 27
1 8 7 30
1 13 10 86
1 27 0 21
1 27 1 27
1 29 0 21
1 29 3 79
1 31 1 27
1 32 9 10
1 32 12 20
2 10 4 4
2 10 5 4
2 10 14 4
2 10 31 4
2 11 6 8
2 11 7 8
2 12 8 2
2 12 9 2
2 12 16 2
2 12 32 2
2 14 10 7
2 14 17 7
2 14 33 7
2 16 12 12
2 16 21 12
2 16 22 12
2 18 14 3
2 18 23 3
2 18 19 3
2 18 33 3
2 19 15 1
2 19 18 1
2 19 24 1
2 21 16 15
2 22 9 4
2 22 16 4
2 23 17 10
2 23 33 10
2 25 21 4
2 25 22 4
2 25 28 4
2 25 34 4
2 26 24 10
2 26 28 10
2 26 30 10
2 28 25 7
2 28 26 7
2 30 23 6
2 30 26 6
2 33 14 5
2 33 17 5
2 33 23 5
2 34 16 2
2 34 21 2
2 34 22 2
2 34 25 2
1 13 11 57
1 13 12 57
1 13 14 57
1 13 15 57
1 13 16 57
1 94
1 135
1 6
1 111
1 29
1 22
1 28
1 52
1 42
1 24
1 81
1 56
1 29
1 38
1 44
1 49
1 31
1 7
2 10
2 11
1 10
2 39
2 24
2 21
2 82
2 15
2 30
1 29
2 21
1 22
2 16
2 8
2 7
2 27
2 11
0
70
2 18 14 2
2 18 23 2
2 18 19 2
2 18 33 2
2 19 15 3
2 19 18 3
2 19 24 3
2 21 16 12
2 21 20 12
2 21 34 12
2 22 9 7
2 22 16 7
2 22 34 7
2 23 17 6
2 23 18 6
2 23 33 6
2 24 19 40
2 24 20 40
2 25 21 3
2 25 22 3
2 25 28 3
2 25 34 3
2 26 24 9
2 26 28 9
2 26 30 9
2 28 25 10
2 28 26 10
2 30 23 7
2 30 26 7
2 31 1 9
2 31 4 9
2 31 5 9
2 31 10 9
2 32 3 8
2 32 8 8
2 32 9 8
2 32 12 8
2 33 14 6
2 33 17 6
2 33 18 6
2 33 23 6
2 34 16 3
2 34 21 3
2 34 22 3
1 0 2 11
1 0 27 34
1 0 29 27
1 1 4 34
1 1 5 27
1 1 27 34
1 1 31 13
1 3 8 47
1 3 9 29
1 3 29 27
1 4 17 10
1 4 31 13
1 5 31 13
1 6 2 11
1 7 2 11
1 8 12 34
1 9 32 12
1 10 4 34
1 10 5 27
1 10 31 13
1 11 6 33
1 12 9 29
1 13 12 34
1 14 13 40
1 15 13 40
1 16 12 20
1 37
1 23
1 44
1 5
1 70
1 59
1 55
1 46
1 52
1 60
2 12
1 33
1 90
1 94
2 14
1 16
2 21
1 10
2 22
2 49
2 15
2 14
2 14
2 23
2 19
2 18
2 35
1 102
2 18
1 81
2 16
1 9
1 14
2 16
2 29
0
78
2 10 4 2
2 10 5 2
2 10 14 2
2 10 13 2
2 10 31 2
2 14 10 3
2 14 13 3
2 14 17 3
2 14 33 3
2 16 12 6
2 16 13 6
2 16 22 6
2 18 14 5
2 18 23 5
2 18 19 5
2 18 33 5
2 19 15 48
2 20 15 14
2 21 16 3
2 21 20 3
2 21 25 3
2 21 34 3
2 22 9 6
2 22 16 6
2 23 17 11
2 23 33 11
2 24 19 6
2 24 20 6
2 24 26 6
2 25 21 4
2 25 22 4
2 25 28 4
2 25 34 4
2 26 24 11
2 26 28 11
2 26 30 11
2 28 25 8
2 28 26 8
2 30 23 7
2 30 26 7
2 33 14 5
2 33 17 5
2 33 23 5
2 34 16 7
2 34 21 7
2 34 22 7
2 34 25 7
1 1 31 14
1 2 0 42
1 4 1 28
1 4 17 10
1 4 10 17
1 4 31 14
1 5 1 28
1 5 10 17
1 5 31 14
1 6 2 49
1 8 3 10
1 9 3 10
1 9 22 10
1 9 32 19
1 12 8 57
1 12 16 20
1 13 10 17
1 13 11 38
1 13 14 19
1 27 0 42
1 27 1 28
1 29 0 42
1 29 3 10
1 32 3 24
1 31 1 9
1 31 4 9
1 31 5 9
1 31 10 9
1 32 8 14
1 32 9 14
1 32 12 14
1 178
1 107
1 56
1 64
1 13
1 12
1 11
1 51
1 118
1 34
1 15
1 81
1 31
1 19
1 15
2 26
1 11
1 6
2 7
2 17
2 15
2 18
2 14
2 23
2 17
2 25
2 38
1 37
2 22
1 34
2 18
1 54
1 28
2 25
2 13
0
55
2 15 13 25
2 18 14 2
2 18 23 2
2 18 33 2
2 19 15 5
2 19 18 5
2 19 24 5
2 20 15 4
2 20 24 4
2 20 21 4
2 21 16 8
2 21 34 8
2 22 9 4
2 22 16 4
2 22 34 4
2 23 17 7
2 23 18 7
2 23 33 7
2 24 19 5
2 24 20 5
2 24 26 5
2 25 21 6
2 25 22 6
2 25 28 6
2 25 34 6
2 26 24 12
2 26 28 12
2 26 30 12
2 28 25 10
2 28 26 10
2 30 23 8
2 30 26 8
2 33 14 6
2 33 17 6
2 33 18 6
2 33 23 6
2 34 16 4
2 34 21 4
2 34 22 4
1 0 2 61
1 0 27 42
1 0 29 39
1 1 4 18
1 1 5 17
1 1 27 42
1 2 6 16
1 3 9 39
1 4 17 10
1 8 3 69
1 11 6 16
1 11 7 56
1 12 13 24
1 14 17 11
1 31 4 18
1 31 5 17
1 51
1 35
1 106
1 99
1 44
1 51
1 48
1 112
1 54
1 74
1 25
1 19
1 17
1 28
2 14
2 20
2 15
1 19
2 24
2 12
2 13
2 21
2 17
2 23
2 28
2 16
2 40
1 126
2 25
1 78
2 19
1 24
1 33
2 15
2 24
0
65
2 14 10 3
2 14 13 3
2 14 17 3
2 14 33 3
2 15 13 19
2 16 12 4
2 16 13 4
2 16 22 4
2 18 14 5
2 18 23 5
2 18 19 5
2 18 33 5
2 19 15 3
2 19 18 3
2 19 24 3
2 20 15 4
2 20 24 4
2 20 21 4
2 21 16 5
2 21 20 5
2 21 25 5
2 21 34 5
2 22 9 8
2 22 16 8
2 23 17 11
2 23 33 11
2 24 19 9
2 24 20 9
2 24 26 9
2 25 21 3
2 25 22 3
2 25 28 3
2 25 34 3
2 26 24 13
2 26 28 13
2 26 30 13
2 28 25 12
2 28 26 12
2 30 23 9
2 30 26 9
2 33 14 4
2 33 17 4
2 33 23 4
2 34 16 5
2 34 21 5
2 34 22 5
2 34 25 5
1 1 31 29
1 2 0 56
1 3 8 59
1 3 32 38
1 4 1 40
1 5 1 40
1 6 11 24
1 7 2 80
1 8 12 22
1 9 12 22
1 9 22 10
1 9 32 38
1 10 14 19
1 17 14 19
1 27 0 56
1 27 1 40
1 29 0 56
1 32 12 22
1 234
1 131
1 135
1 7
1 9
1 16
1 29
1 37
1 96
2 9
1 13
1 53
1 89
1 12
1 21
2 18
2 31
2 23
2 12
2 22
2 20
2 18
2 8
2 24
2 26
2 31
2 46
1 35
2 22
1 27
2 19
1 58
1 92
2 27
2 17
0
73
1 0 2 100
1 0 27 40
1 0 29 32
1 1 4 14
1 1 5 21
1 1 27 40
1 2 6 34
1 2 7 42
1 6 5 21
1 8 3 12
1 8 7 42
2 9 3 2
2 9 12 2
2 9 32 2
2 15 13 17
2 16 12 15
2 16 13 15
2 17 4 7
2 17 14 7
2 17 33 7
2 18 14 5
2 18 33 5
2 19 15 7
2 19 18 7
2 19 24 7
2 20 15 6
2 20 24 6
2 20 21 6
2 21 16 4
2 21 20 4
2 21 25 4
2 21 34 4
2 22 9 1
2 22 16 1
2 22 25 1
2 22 34 1
2 23 17 5
2 23 18 5
2 23 30 5
2 23 33 5
2 24 19 8
2 24 20 8
2 24 26 8
2 25 21 7
2 25 22 7
2 25 28 7
2 25 34 7
2 26 24 15
2 26 28 15
2 26 30 15
2 28 25 10
2 28 26 10
2 30 23 9
2 30 26 9
2 33 14 8
2 33 17 8
2 33 18 8
2 34 16 4
2 34 21 4
2 34 22 4
2 34 25 4
1 11 6 34
1 11 13 17
1 12 9 14
1 12 13 17
1 12 16 20
1 14 10 18
1 29 3 12
1 31 4 14
1 31 5 21
1 31 10 18
1 32 3 12
1 32 9 14
1 77
1 61
1 164
1 46
1 35
1 84
1 81
1 126
1 47
1 9
1 59
1 12
1 31
1 24
2 27
2 24
1 20
2 20
2 27
2 14
2 19
2 24
2 20
2 18
2 35
2 27
2 43
1 120
2 29
1 52
2 26
1 10
1 69
2 25
2 18
0
67
1 0 29 57
1 1 4 40
1 1 31 15
1 2 0 82
1 2 6 80
1 3 9 14
1 4 17 10
1 4 31 15
1 5 1 66
1 5 31 15
1 6 11 17
1 7 8 52
1 7 11 17
1 10 4 40
1 10 31 15
1 12 9 14
2 14 10 8
2 14 13 8
2 14 17 8
2 15 13 23
2 17 4 9
2 17 14 9
2 18 14 6
2 18 23 6
2 18 19 6
2 18 33 6
2 19 15 4
2 19 18 4
2 19 24 4
2 20 15 6
2 20 24 6
2 20 21 6
2 21 16 11
2 21 34 11
2 22 9 6
2 22 16 6
2 22 34 6
2 23 17 4
2 23 18 4
2 23 30 4
2 23 33 4
2 24 19 11
2 24 20 11
2 24 26 11
2 25 21 6
2 25 22 6
2 25 28 6
2 25 34 6
2 26 24 14
2 26 28 14
2 26 30 14
2 28 25 14
2 28 26 14
2 30 23 12
2 30 26 12
2 33 14 6
2 33 17 6
2 33 18 6
2 33 23 6
2 34 16 5
2 34 21 5
2 34 22 5
1 13 11 17
1 27 0 82
1 29 3 51
1 32 3 51
1 32 9 14
1 199
1 77
1 7
1 139
1 86
1 8
1 149
1 62
1 104
1 50
2 14
1 73
1 27
2 17
2 34
2 21
2 12
2 15
2 22
2 24
2 17
2 24
2 18
2 31
2 31
2 22
2 53
1 43
2 26
1 63
2 25
1 75
1 9
2 16
2 31
0
84
1 0 2 12
1 0 27 48
1 0 29 68
1 1 5 13
1 1 27 48
1 3 8 80
1 3 32 14
1 4 1 80
1 6 2 12
1 6 5 13
1 6 11 60
1 7 2 12
1 8 7 67
1 8 12 32
1 9 12 32
1 9 22 10
1 11 7 60
1 12 13 22
1 31 5 13
1 31 10 19
2 10 4 3
2 10 5 3
2 10 13 3
2 10 31 3
2 13 10 21
2 13 11 21
2 13 12 21
2 13 16 21
2 14 10 6
2 14 13 6
2 14 17 6
2 14 18 6
2 14 33 6
2 15 13 6
2 15 19 6
2 15 20 6
2 16 12 3
2 16 13 3
2 16 22 3
2 17 4 10
2 18 14 5
2 18 23 5
2 18 19 5
2 18 33 5
2 19 15 7
2 19 18 7
2 19 24 7
2 20 15 5
2 20 24 5
2 20 21 5
2 21 16 5
2 21 20 5
2 21 25 5
2 21 34 5
2 22 9 8
2 22 16 8
2 23 17 7
2 23 18 7
2 23 30 7
2 23 33 7
2 24 19 10
2 24 20 10
2 24 26 10
2 25 21 5
2 25 22 5
2 25 28 5
2 25 34 5
2 26 24 17
2 26 28 17
2 26 30 17
2 28 25 12
2 28 26 12
2 30 23 12
2 30 26 12
2 33 14 3
2 33 17 3
2 33 18 3
2 33 23 3
2 34 16 7
2 34 21 7
2 34 22 7
2 34 25 7
2 13 14 17
2 13 15 17
1 86
1 101
1 48
1 50
2 11
1 49
1 69
1 182
1 90
1 5
2 20
1 62
1 55
1 13
2 39
2 42
2 54
2 26
2 30
2 29
2 28
2 26
2 12
2 28
2 35
2 31
2 51
1 144
2 29
1 136
2 30
1 45
1 28
2 27
2 18
0
85
1 0 2 53
1 1 4 16
1 1 5 54
1 3 9 10
1 3 32 33
1 5 10 25
1 6 2 53
1 7 2 53
1 7 8 80
1 8 3 55
1 8 32 33
1 11 13 18
1 12 9 10
1 12 13 18
1 27 0 91
1 29 0 91
1 31 4 16
1 31 10 25
1 32 9 10
2 4 1 3
2 4 10 3
2 4 31 3
2 10 4 3
2 10 5 3
2 10 14 3
2 10 13 3
2 10 31 3
2 14 10 19
2 14 13 19
2 15 13 40
2 16 12 17
2 16 13 17
2 16 22 17
2 17 4 6
2 17 14 6
2 17 23 6
2 17 33 6
2 18 14 7
2 18 23 7
2 18 19 7
2 18 33 7
2 19 15 9
2 19 18 9
2 19 24 9
2 20 15 9
2 20 24 9
2 20 21 9
2 21 16 6
2 21 20 6
2 21 25 6
2 21 34 6
2 22 9 5
2 22 16 5
2 23 17 6
2 23 18 6
2 23 30 6
2 23 33 6
2 24 19 11
2 24 20 11
2 24 26 11
2 25 21 7
2 25 22 7
2 25 28 7
2 25 34 7
2 26 24 16
2 26 28 16
2 26 30 16
2 28 25 14
2 28 26 14
2 30 23 14
2 30 26 14
2 33 14 6
2 33 17 6
2 33 18 6
2 33 23 6
2 34 16 4
2 34 21 4
2 34 22 4
2 34 25 4
1 13 10 13
1 13 11 13
1 13 12 13
1 13 14 13
1 13 15 13
1 13 16 13
1 230
1 33
1 212
1 67
1 16
1 80
1 21
1 54
1 87
1 35
1 46
1 67
1 33
2 59
2 20
2 17
2 15
2 19
2 28
2 25
2 23
2 27
2 35
2 42
2 41
2 32
2 57
1 58
2 29
1 50
2 29
2 9
1 89
2 27
2 20
0
77
2 13 10 70
2 13 11 70
2 13 12 70
2 13 14 70
2 13 16 70
2 14 10 6
2 14 13 6
2 14 17 6
2 15 13 5
2 15 19 5
2 15 20 5
2 16 12 4
2 16 13 4
2 16 22 4
2 17 4 9
2 17 14 9
2 18 14 6
2 18 23 6
2 18 19 6
2 18 33 6
2 19 15 8
2 19 18 8
2 19 24 8
2 20 15 7
2 20 24 7
2 20 21 7
2 21 16 6
2 21 20 6
2 21 25 6
2 21 34 6
2 22 9 10
2 22 16 17
2 23 17 10
2 23 18 10
2 23 30 10
2 23 33 10
2 24 19 13
2 24 20 13
2 24 26 13
2 25 21 7
2 25 22 7
2 25 28 7
2 25 34 7
2 26 24 18
2 26 28 18
2 26 30 18
2 28 25 14
2 28 26 14
2 30 23 14
2 30 26 14
2 31 1 11
2 31 4 11
2 31 5 11
2 31 10 11
2 33 14 6
2 33 17 6
2 33 18 6
2 33 23 6
2 34 16 4
2 34 21 4
2 34 22 4
2 34 25 4
1 0 2 100
1 1 4 21
1 2 6 26
1 2 7 59
1 3 9 40
1 4 31 14
1 5 1 38
1 8 3 72
1 10 4 21
1 10 14 20
1 11 6 26
1 12 16 20
1 27 1 38
1 32 3 72
2 13 15 59
1 145
1 82
1 232
1 176
1 29
1 36
1 78
1 118
1 20
1 70
2 92
2 39
2 23
2 29
2 83
2 86
2 90
2 28
2 33
2 30
2 31
2 26
2 28
2 33
2 40
2 33
2 59
1 25
2 31
1 55
2 34
1 18
1 22
2 24
2 22
0
89
2 10 4 30
2 10 5 30
2 10 31 30
2 11 6 19
2 11 7 19
2 12 8 7
2 12 9 7
2 12 32 7
2 13 10 4
2 13 11 4
2 13 12 4
2 13 14 4
2 13 15 4
2 13 16 4
2 14 10 16
2 14 13 16
2 14 17 16
2 14 18 16
2 14 33 16
2 15 13 28
2 15 19 28
2 15 20 28
2 16 12 17
2 16 13 17
2 16 21 17
2 16 22 17
2 16 34 17
2 17 4 10
2 18 14 8
2 18 23 8
2 18 19 8
2 18 33 8
2 19 15 9
2 19 18 9
2 19 24 9
2 20 15 10
2 20 24 10
2 20 21 10
2 21 16 6
2 21 20 6
2 21 25 6
2 21 34 6
2 22 9 10
2 23 17 8
2 23 18 8
2 23 30 8
2 23 33 8
2 24 19 13
2 24 20 13
2 24 26 13
2 25 21 8
2 25 22 8
2 25 28 8
2 25 34 8
2 26 24 19
2 26 28 19
2 26 30 19
2 28 25 15
2 28 26 15
2 30 23 16
2 30 26 16
2 33 14 5
2 33 17 5
2 33 18 5
2 33 23 5
2 34 16 5
2 34 21 5
2 34 22 5
2 34 25 5
1 0 27 30
1 0 29 60
1 1 4 34
1 1 5 41
1 2 0 100
1 2 6 80
1 3 8 25
1 3 9 75
1 3 29 60
1 4 17 10
1 5 31 23
1 6 5 41
1 7 8 25
1 7 11 44
1 9 12 28
1 9 22 10
1 31 1 18
1 31 4 18
1 31 5 18
1 31 10 18
1 170
1 30
1 57
1 21
1 36
1 88
1 103
1 35
1 68
1 95
2 14
1 49
1 15
2 76
2 30
2 35
2 30
2 42
2 44
2 57
2 53
2 47
2 43
2 35
2 44
2 32
2 61
1 60
2 33
1 180
2 34
1 16
1 20
2 41
2 38
0
80
2 10 4 3
2 10 5 3
2 10 13 3
2 10 31 3
2 13 10 18
2 13 11 18
2 13 12 18
2 13 16 18
2 14 10 5
2 14 13 5
2 14 17 5
2 14 18 5
2 14 33 5
2 15 13 11
2 15 19 11
2 15 20 11
2 16 12 9
2 16 13 9
2 16 22 9
2 17 4 10
2 18 14 10
2 18 23 10
2 18 19 10
2 18 33 10
2 19 15 18
2 19 18 18
2 19 24 18
2 20 15 17
2 20 24 17
2 20 21 17
2 21 16 11
2 21 20 11
2 21 25 11
2 21 34 11
2 22 9 10
2 22 16 21
2 23 17 8
2 23 18 8
2 23 30 8
2 23 33 8
2 24 19 14
2 24 20 14
2 24 26 14
2 25 21 7
2 25 22 7
2 25 28 7
2 25 34 7
2 26 24 20
2 26 28 20
2 26 30 20
2 28 25 16
2 28 26 16
2 30 23 16
2 30 26 16
2 33 14 10
2 33 17 10
2 33 18 10
2 33 23 10
2 34 16 9
2 34 21 9
2 34 22 9
2 34 25 9
1 0 2 62
1 0 27 65
1 1 31 21
1 2 7 40
1 4 1 35
1 5 1 35
1 5 10 19
1 5 31 21
1 6 2 62
1 8 3 26
1 8 7 40
1 9 3 26
1 9 12 20
1 9 22 10
1 11 7 40
1 27 1 35
1 29 0 100
1 32 12 20
1 158
1 119
1 146
1 78
2 6
1 15
1 46
1 160
1 7
1 34
2 16
2 19
1 38
2 42
2 35
2 47
2 72
2 60
2 50
2 43
2 43
2 41
2 32
2 44
2 62
2 45
2 62
1 95
2 33
1 85
2 35
1 60
1 5
2 29
2 25
0
89
2 4 1 1
2 4 10 1
2 4 31 1
2 10 4 3
2 10 5 3
2 10 13 3
2 10 31 3
2 11 6 6
2 11 7 6
2 11 13 6
2 13 10 10
2 13 11 10
2 13 12 10
2 13 16 10
2 14 10 6
2 14 13 6
2 14 17 6
2 14 18 6
2 14 33 6
2 15 13 15
2 15 19 15
2 15 20 15
2 16 12 20
2 16 13 23
2 16 22 23
2 17 4 10
2 17 14 14
2 17 23 14
2 17 33 14
2 18 14 12
2 18 23 12
2 18 19 12
2 18 33 12
2 19 15 14
2 19 18 14
2 19 24 14
2 20 15 14
2 20 24 14
2 20 21 14
2 21 16 10
2 21 20 10
2 21 25 10
2 21 34 10
2 22 9 10
2 22 16 15
2 23 17 10
2 23 18 10
2 23 30 10
2 23 33 10
2 24 19 20
2 24 20 20
2 24 26 20
2 25 21 11
2 25 22 11
2 25 28 11
2 25 34 11
2 26 24 20
2 26 28 20
2 26 30 20
2 28 25 16
2 28 26 16
2 30 23 17
2 30 26 17
2 33 14 7
2 33 17 7
2 33 18 7
2 33 23 7
2 34 16 6
2 34 21 6
2 34 22 6
2 34 25 6
1 0 2 100
1 1 4 11
1 1 5 20
1 2 6 51
1 3 8 12
1 3 9 39
1 3 32 10
1 6 5 20
1 6 11 24
1 7 2 80
1 7 8 12
1 9 22 10
1 12 8 12
1 12 32 10
1 29 3 83
1 31 4 11
1 31 5 20
1 31 10 21
1 73
1 92
1 280
1 105
1 21
1 77
1 52
1 67
1 48
1 58
2 10
1 23
2 26
2 65
2 48
2 40
2 57
2 36
2 44
2 53
2 51
2 37
2 42
2 59
2 55
2 38
2 70
1 100
2 37
1 7
2 36
1 9
1 30
2 48
2 27
0
83
2 10 4 2
2 10 5 2
2 10 13 2
2 10 31 2
2 12 8 6
2 12 9 6
2 12 13 6
2 12 32 6
2 13 10 21
2 13 11 21
2 13 12 21
2 14 10 9
2 14 13 9
2 14 17 9
2 14 18 9
2 14 33 9
2 15 13 13
2 15 19 13
2 15 20 13
2 16 12 11
2 16 13 11
2 16 21 11
2 16 22 11
2 16 34 11
2 17 4 10
2 18 14 10
2 18 23 10
2 18 19 10
2 18 33 10
2 19 15 17
2 19 18 17
2 19 24 17
2 20 15 16
2 20 24 16
2 20 21 16
2 21 16 9
2 21 20 9
2 21 25 9
2 21 34 9
2 22 9 10
2 23 17 14
2 23 18 14
2 23 30 14
2 23 33 14
2 24 19 18
2 24 20 18
2 24 26 18
2 25 21 9
2 25 22 9
2 25 28 9
2 25 34 9
2 26 24 23
2 26 28 23
2 26 30 23
2 28 25 18
2 28 26 18
2 30 23 17
2 30 26 17
2 33 14 11
2 33 17 11
2 33 18 11
2 33 23 11
2 34 16 6
2 34 21 6
2 34 22 6
2 34 25 6
1 0 29 12
1 1 4 26
1 1 31 14
1 2 0 78
1 2 6 57
1 2 7 72
1 3 8 53
1 3 29 12
1 3 32 35
1 4 10 15
1 5 10 15
1 5 6 57
1 6 11 28
1 7 8 53
1 8 12 31
1 9 12 31
1 27 0 78
1 232
1 57
1 78
1 10
1 25
1 8
1 143
1 91
1 122
1 16
2 12
1 40
1 44
2 53
2 34
2 44
2 27
2 65
2 60
2 48
2 48
2 48
2 63
2 46
2 62
2 40
2 69
1 27
2 38
1 36
2 44
1 26
1 64
2 42
2 37
0
18
1 0 2 83
1 0 27 32
1 0 29 41
1 1 4 30
1 1 5 13
1 4 10 17
1 6 2 80
1 6 5 13
1 6 11 45
1 7 2 80
1 8 3 15
1 8 7 80
1 9 3 15
1 12 9 21
1 12 16 20
1 29 3 15
1 32 3 15
1 32 9 21
1 91
1 19
1 326
1 75
1 43
1 39
1 10
1 96
1 32
1 48
1 15
1 95
1 13
2 63
2 44
2 54
2 17
2 70
2 65
2 53
2 53
2 53
2 68
2 51
2 67
2 45
2 84
1 64
2 43
1 67
2 49
1 31
1 33
2 47
2 42
0
15
1 0 27 69
1 2 0 96
1 2 6 15
1 2 7 80
1 3 8 37
1 3 32 38
1 4 1 24
1 5 1 24
1 7 8 37
1 8 12 18
1 9 12 18
1 11 6 15
1 11 13 40
1 27 1 24
1 31 1 24
1 133
1 120
1 140
1 5
1 24
1 20
1 45
1 144
1 93
1 35
1 25
1 50
1 59
2 33
2 54
2 64
2 27
2 75
2 70
2 58
2 58
2 58
2 73
2 56
2 72
2 50
2 99
1 114
2 48
1 72
2 54
1 12
1 76
2 52
2 47
0
17
1 0 27 100
1 1 4 29
1 1 5 25
1 1 31 17
1 2 0 100
1 4 31 17
1 5 31 17
1 6 5 25
1 7 2 80
1 8 3 10
1 8 12 60
1 9 3 10
1 11 6 50
1 12 9 40
1 29 3 10
1 32 3 10
1 32 9 40
1 148
1 54
1 125
1 50
1 41
1 58
1 75
1 69
1 28
1 110
1 35
1 10
1 89
2 43
2 64
2 74
2 37
2 80
2 75
2 63
2 63
2 63
2 78
2 61
2 77
2 55
2 114
1 219
2 53
1 67
2 59
1 68
1 31
2 57
2 52
0
16
1 0 2 100
1 1 4 46
1 2 6 80
1 3 8 33
1 4 10 40
1 6 5 63
1 7 8 33
1 7 11 15
1 9 3 55
1 9 32 36
1 12 8 33
1 12 13 40
1 27 0 100
1 27 1 59
1 29 3 55
1 31 1 59
1 163
1 131
1 150
1 132
1 52
1 126
1 97
1 26
1 132
1 24
1 85
1 35
1 26
2 13
2 74
2 84
2 47
2 85
2 80
2 68
2 68
2 68
2 83
2 66
2 82
2 60
2 129
1 65
2 58
1 17
2 64
1 14
1 72
2 62
2 57
0
19
1 0 2 100
1 1 4 57
1 1 27 70
1 2 6 80
1 2 7 31
1 3 9 29
1 3 29 22
1 3 32 77
1 4 31 19
1 5 10 60
1 5 31 19
1 6 11 40
1 8 7 31
1 8 12 31
1 10 4 57
1 10 13 18
1 11 7 31
1 32 9 29
1 32 12 31
1 78
1 9
1 144
1 9
1 152
1 52
1 142
1 124
1 75
1 87
1 80
1 54
1 98
1 15
2 84
2 94
2 57
2 90
2 85
2 73
2 73
2 73
2 88
2 71
2 87
2 65
2 144
1 140
2 63
1 44
2 69
1 57
1 94
2 67
2 62
0
27
1 0 29 49
1 2 0 83
1 4 1 14
1 4 17 10
1 5 1 14
1 6 5 57
1 6 11 59
1 7 8 80
1 8 3 14
1 9 3 14
1 10 5 57
1 10 13 20
1 11 13 20
1 12 8 60
1 12 13 20
1 27 0 83
1 27 1 14
1 29 3 14
1 31 1 14
1 32 3 14
1 32 8 80
1 13 10 15
1 13 11 15
1 13 12 15
1 13 14 15
1 13 15 15
1 13 16 15
1 210
1 70
1 66
1 70
1 133
1 157
1 31
1 49
1 286
1 78
1 28
1 118
1 43
1 85
2 79
2 89
2 52
2 85
2 90
2 78
2 78
2 78
2 93
2 76
2 92
2 70
2 159
1 48
2 68
1 84
2 74
1 48
1 5
2 72
2 67
0
22
1 0 2 71
1 0 27 53
1 1 27 53
1 2 6 36
1 3 32 10
1 4 1 75
1 4 10 33
1 5 1 75
1 5 10 33
1 5 6 36
1 8 3 75
1 8 7 54
1 8 12 48
1 8 32 10
1 9 3 75
1 11 6 36
1 11 7 54
1 12 32 10
1 13 10 33
1 13 12 40
1 29 3 75
1 31 10 33
1 101
1 172
1 106
1 290
1 30
1 18
1 144
1 162
1 104
1 8
1 170
1 38
1 131
1 22
2 89
2 99
2 62
2 90
2 95
2 83
2 83
2 83
2 98
2 81
2 97
2 75
2 174
1 159
2 73
1 14
2 79
1 20
1 40
2 77
2 72
0
24
1 0 29 19
1 1 4 35
1 1 5 23
1 1 31 25
1 2 0 100
1 3 8 80
1 3 9 13
1 3 29 19
1 3 32 45
1 4 31 25
1 6 2 80
1 6 5 23
1 7 2 80
1 7 11 43
1 8 32 45
1 10 4 35
1 10 5 23
1 10 14 20
1 10 13 27
1 11 13 27
1 12 8 60
1 12 9 13
1 27 0 100
1 32 9 13
1 297
1 94
1 171
1 138
1 80
1 92
1 46
1 44
1 204
1 52
1 75
1 64
1 68
1 86
2 79
2 109
2 72
2 95
2 100
2 88
2 88
2 88
2 103
2 86
2 102
2 80
2 189
1 64
2 78
1 57
2 84
1 75
1 122
2 82
2 77
0
16
1 0 2 100
1 0 27 69
1 0 29 62
1 1 4 80
1 2 6 51
1 2 7 49
1 3 9 57
1 3 29 62
1 4 10 60
1 5 10 60
1 8 3 80
1 8 7 49
1 11 6 51
1 12 9 57
1 13 10 40
1 32 9 57
1 81
1 19
1 176
1 104
1 105
1 37
1 153
1 147
1 80
1 228
1 245
1 23
1 21
1 56
2 89
2 119
2 82
2 100
2 105
2 93
2 93
2 93
2 108
2 91
2 107
2 85
2 204
1 138
2 83
1 186
2 89
1 80
1 70
2 87
2 82
0
24
1 2 0 86
1 3 8 80
1 4 1 24
1 5 1 24
1 6 5 42
1 6 11 28
1 7 8 80
1 7 11 28
1 8 12 26
1 9 3 80
1 9 12 26
1 9 32 75
1 10 4 60
1 10 5 42
1 10 14 20
1 13 11 28
1 13 12 26
1 27 0 86
1 27 1 24
1 29 0 86
1 29 3 100
1 31 1 24
1 31 5 42
1 32 12 26
1 354
1 120
1 95
1 209
1 146
1 144
1 88
1 44
1 219
1 52
1 133
1 117
1 135
1 12
2 79
2 129
2 92
2 105
2 110
2 98
2 98
2 98
2 113
2 96
2 112
2 90
2 219
1 33
2 88
1 5
2 94
1 19
1 124
2 92
2 87
0
22
1 0 2 100
1 0 27 38
1 0 29 10
1 1 27 38
1 1 31 24
1 2 6 80
1 3 9 57
1 3 29 10
1 3 32 100
1 4 1 80
1 4 31 24
1 5 1 80
1 5 31 24
1 8 3 80
1 10 14 20
1 10 13 17
1 10 31 24
1 11 6 60
1 11 13 17
1 12 9 57
1 12 13 17
1 32 9 57
1 221
1 223
1 120
1 127
1 47
1 45
1 233
1 49
1 144
1 228
1 82
1 50
1 71
1 73
2 69
2 139
2 102
2 110
2 115
2 103
2 103
2 103
2 118
2 101
2 117
2 95
2 234
1 114
2 93
1 30
2 99
1 120
1 172
2 97
2 92
0
18
1 0 2 100
1 0 29 35
1 1 4 52
1 1 5 50
1 1 27 100
1 2 7 54
1 3 29 35
1 6 2 80
1 6 5 50
1 6 11 55
1 8 3 80
1 9 3 80
1 9 12 60
1 10 4 52
1 13 11 40
1 31 4 52
1 31 5 50
1 32 3 100
1 101
1 26
1 251
1 357
1 208
1 200
1 53
1 108
1 69
1 93
1 40
1 155
1 141
1 43
2 79
2 149
2 112
2 115
2 120
2 108
2 108
2 108
2 123
2 106
2 122
2 100
2 249
1 219
2 98
1 105
2 104
1 23
1 77
2 102
2 97
0
26
1 2 0 100
1 2 6 58
1 3 8 74
1 3 9 80
1 3 29 100
1 3 32 82
1 4 1 31
1 4 17 10
1 4 10 45
1 4 31 28
1 5 1 31
1 5 10 45
1 5 6 58
1 5 31 28
1 7 8 74
1 9 32 82
1 10 31 28
1 11 6 58
1 11 13 40
1 12 8 60
1 12 13 40
1 13 10 40
1 27 0 100
1 27 1 31
1 29 0 100
1 32 8 74
1 416
1 124
1 98
1 26
1 99
1 43
1 232
1 39
1 356
1 96
1 152
1 67
1 51
1 93
2 89
2 159
2 122
2 110
2 125
2 113
2 113
2 113
2 128
2 111
2 127
2 105
2 264
1 93
2 103
1 110
2 109
1 112
1 172
2 107
2 102
0
22
1 0 2 100
1 0 27 98
1 0 29 100
1 1 4 80
1 2 7 44
1 6 2 80
1 6 5 48
1 6 11 60
1 8 3 31
1 8 7 44
1 8 12 56
1 8 32 100
1 9 3 31
1 9 12 56
1 10 4 60
1 10 5 48
1 11 7 44
1 13 11 40
1 29 3 31
1 31 4 100
1 32 3 31
1 32 9 100
1 133
1 49
1 239
1 155
1 344
1 144
1 49
1 176
1 130
1 114
1 54
1 133
1 173
1 63
2 99
2 169
2 132
2 115
2 130
2 118
2 118
2 118
2 133
2 116
2 132
2 110
2 279
1 196
2 108
1 184
2 114
1 17
1 146
2 112
2 107
0
21
1 1 31 22
1 2 0 100
1 2 6 54
1 3 8 80
1 4 1 54
1 4 17 10
1 4 10 59
1 4 31 22
1 5 1 54
1 5 10 59
1 5 31 22
1 7 8 80
1 10 31 22
1 11 6 54
1 11 13 40
1 12 8 60
1 13 10 40
1 27 0 100
1 27 1 54
1 29 0 100
1 32 8 100
1 448
1 194
1 90
1 80
1 204
1 14
1 162
1 101
1 455
1 119
1 200
1 49
1 123
1 73
2 109
2 179
2 142
2 110
2 135
2 123
2 123
2 123
2 138
2 121
2 137
2 115
2 294
1 47
2 113
1 89
2 119
1 110
1 51
2 117
2 112
0
24
1 0 2 95
1 0 27 52
1 0 29 94
1 1 5 19
1 1 27 52
1 1 31 100
1 3 32 56
1 4 1 80
1 6 2 80
1 6 5 19
1 6 11 54
1 7 2 80
1 8 3 80
1 8 7 80
1 8 12 60
1 8 32 56
1 9 3 80
1 10 5 19
1 10 14 20
1 10 13 40
1 12 9 60
1 13 11 40
1 29 3 85
1 31 5 19
1 222
1 108
1 350
1 274
1 129
1 95
1 14
1 106
1 184
1 104
1 131
1 153
1 133
1 83
2 99
2 189
2 152
2 115
2 140
2 128
2 128
2 128
2 143
2 126
2 142
2 120
2 309
1 156
2 118
1 103
2 124
1 196
1 168
2 122
2 117
0
16
1 0 27 100
1 1 5 80
1 2 0 100
1 2 6 19
1 2 7 80
1 3 8 80
1 4 1 80
1 5 6 19
1 8 7 80
1 10 4 60
1 11 6 19
1 11 7 60
1 12 9 60
1 27 1 100
1 31 1 100
1 32 9 100
1 237
1 313
1 156
1 199
1 114
1 161
1 76
1 331
1 189
1 269
1 81
1 84
1 83
1 93
2 109
2 199
2 162
2 120
2 145
2 133
2 133
2 133
2 148
2 131
2 147
2 125
2 324
1 161
2 123
1 108
2 129
1 101
1 73
2 127
2 122
0
17
1 0 2 100
1 1 4 80
1 1 5 80
1 2 6 80
1 3 8 80
1 4 10 60
1 5 10 60
1 5 6 80
1 7 2 80
1 7 11 60
1 8 12 60
1 8 32 78
1 9 3 80
1 11 6 60
1 12 32 78
1 13 10 40
1 31 10 86
1 152
1 158
1 261
1 204
1 139
1 106
1 301
1 196
1 136
1 194
1 337
1 94
1 75
1 63
2 119
2 209
2 172
2 125
2 150
2 138
2 138
2 138
2 153
2 136
2 152
2 130
2 339
1 166
2 128
1 113
2 134
1 20
1 234
2 132
2 127
0
18
1 0 29 100
1 1 4 80
1 2 0 100
1 3 8 80
1 4 17 10
1 5 31 25
1 6 2 80
1 7 8 80
1 8 12 60
1 9 12 60
1 10 4 60
1 10 5 60
1 10 13 40
1 10 31 25
1 11 13 40
1 12 13 40
1 27 0 100
1 32 3 100
1 267
1 83
1 246
1 229
1 274
1 146
1 226
1 121
1 241
1 139
1 162
1 64
1 165
1 193
2 129
2 219
2 182
2 120
2 155
2 143
2 143
2 143
2 158
2 141
2 157
2 135
2 354
1 71
2 133
1 218
2 139
1 75
1 139
2 137
2 132
0
14
1 0 2 100
1 1 27 76
1 2 6 80
1 3 9 80
1 4 1 80
1 4 17 10
1 5 1 80
1 6 5 80
1 6 11 60
1 7 11 60
1 8 3 80
1 10 5 60
1 12 9 60
1 13 10 40
1 182
1 172
1 271
1 234
1 189
1 211
1 171
1 66
1 166
1 284
1 152
1 194
1 115
1 163
2 139
2 229
2 192
2 115
2 160
2 148
2 148
2 148
2 163
2 146
2 162
2 140
2 369
1 152
2 138
1 223
2 144
1 80
1 144
2 142
2 137
0
14
1 0 27 100
1 1 27 100
1 2 0 100
1 2 7 71
1 3 8 80
1 4 1 80
1 5 1 80
1 8 7 71
1 9 3 80
1 10 14 20
1 11 6 60
1 13 10 40
1 29 0 100
1 32 12 100
1 297
1 237
1 105
1 239
1 114
1 136
1 236
1 213
1 180
1 209
1 182
1 144
1 225
1 133
2 129
2 239
2 202
2 120
2 165
2 153
2 153
2 153
2 168
2 151
2 167
2 145
2 384
1 357
2 143
1 128
2 149
1 85
1 49
2 147
2 142
0
17
1 0 2 100
1 0 29 100
1 1 4 80
1 1 31 90
1 3 8 80
1 3 32 54
1 4 31 90
1 5 31 90
1 6 2 80
1 7 2 80
1 8 32 54
1 9 22 10
1 10 4 60
1 11 13 40
1 12 8 60
1 13 14 40
1 27 0 100
1 212
1 72
1 370
1 110
1 169
1 51
1 161
1 138
1 271
1 204
1 132
1 114
1 175
1 143
2 99
2 249
2 212
2 125
2 170
2 158
2 158
2 158
2 163
2 156
2 172
2 150
2 399
1 262
2 148
1 233
2 154
1 360
1 162
2 152
2 147
0
18
1 1 5 56
1 2 0 100
1 2 7 80
1 4 1 77
1 6 5 56
1 7 11 60
1 8 3 80
1 8 7 80
1 9 3 80
1 10 5 56
1 12 13 40
1 13 10 40
1 27 0 100
1 29 0 100
1 31 1 77
1 31 4 100
1 31 5 56
1 32 3 100
1 527
1 175
1 195
1 375
1 197
1 280
1 110
1 243
1 116
1 129
1 126
1 184
1 145
1 153
2 109
2 259
2 222
2 130
2 175
2 163
2 163
2 163
2 168
2 161
2 177
2 155
2 414
1 167
2 153
1 138
2 159
1 132
1 67
2 157
2 152
0
18
1 0 2 100
1 0 27 100
1 0 29 100
1 1 27 100
1 2 6 80
1 3 8 80
1 3 9 80
1 3 32 72
1 4 1 80
1 5 1 80
1 7 2 80
1 8 32 72
1 9 32 72
1 10 14 20
1 11 6 60
1 12 8 60
1 13 10 40
1 31 10 100
1 242
1 240
1 300
1 148
1 122
1 205
1 255
1 168
1 189
1 142
1 256
1 134
1 95
1 123
2 99
2 269
2 232
2 135
2 180
2 168
2 168
2 168
2 173
2 166
2 182
2 160
2 429
1 372
2 158
1 243
2 164
1 37
1 288
2 162
2 157
0
18
1 1 4 80
1 1 31 42
1 2 0 100
1 3 9 80
1 4 31 42
1 5 31 42
1 6 5 80
1 7 11 60
1 8 3 80
1 9 12 60
1 10 4 60
1 10 14 20
1 11 13 40
1 13 12 40
1 27 0 100
1 29 0 100
1 32 3 100
1 32 12 100
1 557
1 123
1 205
1 253
1 225
1 248
1 180
1 113
1 114
1 167
1 186
1 164
1 305
1 133
2 89
2 279
2 242
2 140
2 185
2 173
2 173
2 173
2 178
2 171
2 187
2 165
2 444
1 277
2 163
1 148
2 169
1 168
1 93
2 167
2 162
0
17
1 0 2 100
1 0 27 100
1 2 6 80
1 3 8 80
1 3 32 98
1 4 1 80
1 5 1 80
1 6 11 60
1 8 7 80
1 9 32 98
1 10 14 20
1 11 7 60
1 12 8 60
1 12 9 60
1 13 14 40
1 27 1 100
1 31 1 100
1 372
1 488
1 230
1 80
1 150
1 173
1 205
1 258
1 179
1 134
1 176
1 174
1 195
1 103
2 39
2 289
2 252
2 145
2 190
2 178
2 178
2 178
2 183
2 176
2 192
2 170
2 459
1 282
2 168
1 153
2 174
1 73
1 294
2 172
2 167
0
18
1 0 2 100
1 1 4 80
1 1 5 80
1 1 31 78
1 2 6 80
1 4 17 10
1 5 31 78
1 6 5 80
1 7 2 80
1 8 3 80
1 9 3 80
1 10 4 60
1 11 13 40
1 12 8 60
1 13 14 40
1 29 3 85
1 32 3 85
1 32 8 100
1 287
1 255
1 335
1 415
1 285
1 260
1 210
1 183
1 264
1 59
1 126
1 144
1 145
1 113
1 11
2 299
2 262
2 140
2 195
2 183
2 183
2 183
2 188
2 181
2 197
2 175
2 474
1 287
2 173
1 73
2 179
1 234
1 114
2 177
2 172
0
19
1 0 29 78
1 1 31 100
1 2 0 100
1 3 8 80
1 3 9 64
1 3 29 78
1 4 1 80
1 5 1 80
1 6 11 60
1 7 11 60
1 8 7 80
1 10 14 16
1 10 13 40
1 11 13 40
1 12 9 60
1 13 14 16
1 27 1 100
1 31 10 100
1 32 9 64
1 324
1 420
1 240
1 198
1 210
1 185
1 155
1 208
1 269
1 252
1 180
1 234
1 95
1 187
1 53
2 309
2 272
2 145
2 200
2 188
2 188
2 188
2 193
2 186
2 202
2 180
2 489
1 192
2 178
1 234
2 184
1 239
1 55
2 182
2 177
0
16
1 0 2 100
1 1 4 80
1 1 5 80
1 2 6 80
1 3 32 60
1 4 17 10
1 5 10 60
1 8 3 80
1 8 32 60
1 9 3 80
1 10 14 20
1 11 6 60
1 12 32 60
1 13 10 40
1 29 3 100
1 31 4 100
1 239
1 265
1 265
1 403
1 385
1 210
1 300
1 213
1 134
1 177
1 270
1 184
1 45
1 157
1 83
2 319
2 282
2 140
2 205
2 193
2 193
2 193
2 198
2 191
2 207
2 185
2 504
1 197
2 183
1 139
2 189
1 144
1 240
2 187
2 182
0
17
1 0 27 100
1 1 5 80
1 2 0 100
1 3 8 80
1 3 9 80
1 4 1 80
1 5 31 100
1 6 2 80
1 7 8 80
1 8 12 50
1 9 12 50
1 10 5 60
1 11 13 40
1 13 12 40
1 13 14 40
1 32 8 100
1 32 12 50
1 254
1 270
1 250
1 248
1 310
1 255
1 225
1 138
1 349
1 212
1 220
1 154
1 245
1 127
1 133
2 329
2 292
2 145
2 210
2 198
2 198
2 198
2 203
2 196
2 212
2 190
2 519
1 302
2 188
1 144
2 194
1 249
1 95
2 192
2 187
0
16
1 0 2 100
1 1 5 80
1 2 6 80
1 3 9 80
1 4 1 80
1 5 10 60
1 6 11 60
1 8 3 80
1 8 32 100
1 9 22 10
1 10 14 20
1 11 7 60
1 12 9 60
1 14 13 40
1 27 0 100
1 31 10 100
1 269
1 275
1 275
1 253
1 235
1 280
1 250
1 203
1 174
1 347
1 370
1 164
1 195
1 177
1 123
2 339
2 302
2 150
2 215
2 203
2 203
2 203
2 198
2 201
2 217
2 195
2 534
1 207
2 193
1 149
2 199
1 154
1 200
2 197
2 192
0
14
1 0 27 100
1 1 4 80
1 2 0 100
1 3 8 80
1 4 17 10
1 5 1 80
1 6 11 60
1 7 8 80
1 9 3 80
1 10 4 60
1 10 14 20
1 12 8 60
1 13 11 40
1 32 8 100
1 284
1 280
1 180
1 258
1 370
1 205
1 195
1 128
1 499
1 272
1 300
1 274
1 145
1 147
1 153
2 349
2 312
2 145
2 220
2 208
2 208
2 208
2 203
2 206
2 222
2 200
2 549
1 312
2 198
1 154
2 204
1 159
1 105
2 202
2 197
0
17
1 0 2 100
1 1 5 80
1 2 7 80
1 3 29 100
1 4 1 80
1 5 6 80
1 6 2 80
1 8 3 80
1 8 7 80
1 8 32 100
1 9 3 80
1 10 5 60
1 11 6 60
1 12 32 100
1 13 12 40
1 14 13 40
1 27 0 100
1 299
1 285
1 285
1 323
1 295
1 270
1 260
1 293
1 244
1 197
1 250
1 224
1 95
1 157
1 123
2 359
2 322
2 150
2 225
2 213
2 213
2 213
2 208
2 211
2 227
2 205
2 564
1 217
2 203
1 259
2 209
1 164
1 310
2 207
2 202
0
14
1 0 2 100
1 1 5 80
1 2 6 80
1 3 8 80
1 4 1 80
1 5 10 60
1 6 11 60
1 7 2 80
1 8 12 60
1 9 12 60
1 10 14 20
1 11 13 40
1 13 12 40
1 32 8 100
1 214
1 290
1 390
1 248
1 220
1 295
1 285
1 218
1 369
1 142
1 300
1 254
1 265
1 167
1 153
2 369
2 332
2 155
2 230
2 218
2 218
2 218
2 213
2 216
2 232
2 210
2 579
1 222
2 208
1 264
2 214
1 169
1 215
2 212
2 207
0
14
1 1 4 80
1 2 0 100
1 3 9 80
1 4 17 10
1 5 1 80
1 6 11 60
1 8 3 80
1 10 4 60
1 11 7 60
1 12 9 60
1 13 14 40
1 27 0 100
1 29 0 100
1 32 9 100
1 529
1 295
1 295
1 253
1 355
1 220
1 230
1 283
1 294
1 387
1 250
1 264
1 215
1 137
1 203
2 379
2 342
2 150
2 235
2 223
2 223
2 223
2 218
2 221
2 237
2 215
2 594
1 127
2 213
1 169
2 219
1 174
1 120
2 217
2 212
0
16
1 0 2 100
1 0 27 100
1 1 5 80
1 2 6 80
1 3 29 100
1 4 1 80
1 5 31 100
1 6 5 80
1 7 11 60
1 8 3 80
1 9 3 80
1 9 32 100
1 10 5 60
1 11 6 60
1 12 13 40
1 14 13 40
1 344
1 300
1 320
1 318
1 280
1 345
1 295
1 228
1 219
1 212
1 200
1 274
1 185
1 227
1 173
2 389
2 352
2 155
2 240
2 228
2 228
2 228
2 223
2 226
2 242
2 220
2 609
1 232
2 218
1 274
2 224
1 279
1 225
2 222
2 217
0
16
1 0 2 100
1 1 4 80
1 2 6 80
1 3 8 80
1 4 17 10
1 5 1 80
1 6 11 60
1 7 8 80
1 8 12 60
1 9 12 60
1 10 14 20
1 11 7 60
1 13 10 40
1 14 17 60
1 31 10 100
1 32 8 100
1 259
1 305
1 345
1 243
1 355
1 270
1 320
1 213
1 424
1 157
1 330
1 284
1 315
1 197
1 143
2 399
2 362
2 90
2 245
2 233
2 233
2 233
2 228
2 231
2 247
2 225
2 624
1 237
2 223
1 279
2 229
1 184
1 130
2 227
2 222
0
17
1 0 27 100
1 1 5 80
1 2 0 100
1 3 9 80
1 4 1 80
1 5 31 100
1 6 5 80
1 8 3 80
1 8 32 100
1 9 32 100
1 10 5 60
1 11 7 60
1 12 9 60
1 12 32 100
1 13 14 40
1 14 17 60
1 29 0 100
1 374
1 310
1 250
1 248
1 280
1 395
1 245
1 278
1 249
1 202
1 280
1 234
1 165
1 167
1 133
2 409
2 372
2 35
2 250
2 238
2 238
2 238
2 233
2 236
2 252
2 230
2 639
1 342
2 228
1 184
2 234
1 289
1 435
2 232
2 227
0
18
1 0 2 100
1 1 4 80
1 2 6 80
1 3 9 80
1 4 17 10
1 5 1 80
1 6 11 60
1 7 2 80
1 8 3 80
1 9 12 60
1 10 14 20
1 11 13 40
1 13 12 40
1 14 17 40
1 27 1 100
1 31 4 100
1 32 3 100
1 32 12 100
1 289
1 415
1 355
1 353
1 455
1 320
1 270
1 203
1 174
1 227
1 270
1 264
1 375
1 177
1 123
2 419
2 382
1 40
2 255
2 243
2 243
2 243
2 238
2 241
2 257
2 235
2 654
1 247
2 233
1 189
2 239
1 194
1 240
2 237
2 232
0
15
1 0 27 100
1 1 5 80
1 2 0 100
1 3 8 80
1 4 1 80
1 5 10 60
1 6 11 60
1 7 8 80
1 10 14 20
1 11 7 60
1 12 8 60
1 12 13 40
1 13 14 40
1 14 17 45
1 32 8 100
1 304
1 420
1 260
1 278
1 380
1 345
1 215
1 188
1 499
1 232
1 320
1 274
1 285
1 187
1 148
2 429
2 392
1 90
2 260
2 248
2 248
2 248
2 243
2 246
2 262
2 240
2 669
1 352
2 238
1 194
2 244
1 199
1 145
2 242
2 237
0
16
1 0 2 100
1 1 4 80
1 2 6 80
1 3 9 80
1 4 17 10
1 4 31 100
1 5 10 60
1 8 3 80
1 8 7 80
1 9 32 100
1 10 14 20
1 11 6 60
1 12 9 60
1 13 14 40
1 14 17 60
1 27 0 100
1 319
1 345
1 285
1 283
1 355
1 290
1 360
1 273
1 344
1 277
1 370
1 224
1 235
1 157
1 158
2 439
2 402
1 165
2 265
2 253
2 253
2 253
2 248
2 251
2 267
2 245
2 684
1 257
2 243
1 199
2 249
1 304
1 250
2 247
2 242
0
16
1 0 2 100
1 1 5 80
1 2 7 80
1 3 9 80
1 4 1 80
1 6 2 80
1 7 11 60
1 8 3 80
1 9 12 60
1 10 4 60
1 11 13 40
1 12 13 40
1 14 13 40
1 17 14 60
1 31 5 100
1 32 12 100
1 234
1 350
1 390
1 288
1 340
1 475
1 285
1 298
1 269
1 302
1 320
1 254
1 365
1 287
1 188
2 449
2 412
1 110
2 270
2 258
2 258
2 258
2 253
2 256
2 272
2 250
2 699
1 262
2 248
1 204
2 254
1 209
1 155
2 252
2 247
0
16
1 0 29 100
1 1 4 80
1 2 0 100
1 3 8 80
1 4 17 10
1 4 31 100
1 5 1 80
1 6 11 60
1 7 8 80
1 8 32 100
1 9 3 80
1 10 14 20
1 12 8 60
1 13 11 40
1 14 17 60
1 27 0 100
1 349
1 355
1 295
1 293
1 315
1 400
1 230
1 223
1 394
1 227
1 310
1 364
1 315
1 257
1 158
2 459
2 422
1 185
2 275
2 263
2 263
2 263
2 258
2 261
2 277
2 255
2 714
1 167
2 253
1 309
2 259
1 314
1 260
2 257
2 252
0
15
1 0 2 100
1 1 4 80
1 2 6 80
1 3 9 80
1 4 17 10
1 5 1 80
1 8 3 80
1 10 14 20
1 11 6 60
1 12 9 60
1 13 14 40
1 17 14 60
1 29 3 100
1 31 10 100
1 32 9 100
1 264
1 360
1 320
1 398
1 390
1 325
1 375
1 228
1 319
1 472
1 400
1 314
1 265
1 227
1 288
2 469
2 432
1 140
2 280
2 268
2 268
2 268
2 263
2 266
2 282
2 260
2 729
1 172
2 258
1 214
2 264
1 219
1 165
2 262
2 257
0
13
1 0 27 100
1 1 5 80
1 2 0 100
1 3 8 80
1 4 1 80
1 5 31 100
1 6 2 80
1 8 7 80
1 9 3 80
1 10 4 60
1 11 7 60
1 12 13 40
1 14 13 40
1 279
1 365
1 305
1 403
1 375
1 310
1 300
1 373
1 324
1 397
1 350
1 264
1 235
1 317
1 258
2 479
2 442
1 145
2 285
2 273
2 273
2 273
2 268
2 271
2 287
2 265
2 744
1 277
2 263
1 219
2 269
1 324
1 170
2 267
2 262
0
15
1 0 27 100
1 1 5 80
1 2 0 100
1 3 8 80
1 4 1 80
1 5 6 80
1 6 11 60
1 7 2 80
1 8 12 60
1 9 12 60
1 10 5 60
1 12 32 100
1 13 11 40
1 14 17 60
1 31 5 100
1 294
1 370
1 290
1 328
1 300
1 475
1 325
1 298
1 349
1 342
1 300
1 374
1 265
1 287
1 208
2 489
2 452
1 210
2 290
2 278
2 278
2 278
2 273
2 276
2 292
2 270
2 759
1 382
2 268
1 224
2 274
1 229
1 275
2 272
2 267
0
15
1 0 2 100
1 1 4 80
1 3 29 100
1 4 17 10
1 5 1 80
1 6 2 80
1 7 2 80
1 8 3 80
1 9 3 80
1 10 14 20
1 11 6 60
1 13 12 40
1 17 14 60
1 27 0 100
1 32 12 100
1 309
1 375
1 555
1 393
1 375
1 400
1 310
1 223
1 274
1 267
1 290
1 324
1 415
1 257
1 298
2 499
2 462
1 165
2 295
2 283
2 283
2 283
2 278
2 281
2 297
2 275
2 774
1 287
2 273
1 329
2 279
1 234
1 180
2 277
2 272
0
14
1 0 27 100
1 1 27 100
1 2 0 100
1 2 7 80
1 3 8 80
1 4 17 10
1 5 1 80
1 8 7 80
1 9 32 100
1 10 13 40
1 11 6 60
1 12 8 60
1 14 10 20
1 29 0 100
1 424
1 360
1 380
1 318
1 370
1 325
1 375
1 388
1 339
1 172
1 280
1 274
1 365
1 307
1 288
2 509
2 472
1 180
2 300
2 288
2 288
2 288
2 283
2 286
2 302
2 280
2 789
1 492
2 278
1 234
2 284
1 239
1 285
2 282
2 277
0
15
1 0 2 100
1 1 5 80
1 2 6 80
1 3 9 80
1 4 1 80
1 5 10 60
1 6 5 80
1 7 2 80
1 8 3 80
1 10 31 100
1 12 8 60
1 13 10 40
1 14 10 20
1 27 0 100
1 32 9 100
1 439
1 365
1 485
1 323
1 295
1 430
1 380
1 313
1 324
1 357
1 310
1 284
1 315
1 277
1 278
2 519
2 482
1 185
2 305
2 293
2 293
2 293
2 288
2 291
2 307
2 285
2 804
1 397
2 283
1 239
2 289
1 344
1 190
2 287
2 282
0
16
1 0 27 100
1 1 4 80
1 2 0 100
1 3 29 100
1 4 17 10
1 5 1 80
1 6 11 60
1 7 11 60
1 8 3 80
1 9 3 80
1 10 4 60
1 11 13 40
1 12 13 40
1 14 13 40
1 27 1 100
1 31 4 100
1 454
1 470
1 390
1 388
1 530
1 355
1 325
1 258
1 249
1 282
1 260
1 374
1 285
1 407
1 248
2 529
2 492
1 200
2 310
2 298
2 298
2 298
2 293
2 296
2 312
2 290
2 819
1 402
2 288
1 344
2 294
1 249
1 195
2 292
2 287
0
14
1 0 2 100
1 1 5 80
1 2 6 80
1 3 8 80
1 4 1 80
1 5 10 60
1 7 8 80
1 8 32 100
1 9 32 100
1 10 14 20
1 11 6 60
1 12 8 60
1 13 10 40
1 14 17 60
1 369
1 475
1 415
1 313
1 455
1 380
1 470
1 183
1 374
1 187
1 350
1 324
1 235
1 377
1 218
2 539
2 502
1 265
2 315
2 303
2 303
2 303
2 298
2 301
2 317
2 295
2 834
1 407
2 293
1 349
2 299
1 254
1 400
2 297
2 292
0
16
1 0 29 100
1 1 4 80
1 2 0 100
1 3 9 80
1 4 17 10
1 5 10 60
1 6 2 80
1 8 3 80
1 10 14 20
1 11 7 60
1 12 9 60
1 13 10 40
1 17 14 60
1 27 0 100
1 29 3 100
1 32 3 100
1 484
1 400
1 400
1 518
1 530
1 325
1 395
1 248
1 299
1 332
1 440
1 274
1 185
1 347
1 308
2 549
2 512
1 220
2 320
2 308
2 308
2 308
2 303
2 306
2 322
2 300
2 849
1 312
2 298
1 354
2 304
1 259
1 305
2 302
2 297
0
14
1 0 2 100
1 1 5 80
1 2 6 80
1 3 8 80
1 4 1 80
1 5 31 100
1 6 5 80
1 8 7 80
1 9 12 60
1 10 5 60
1 11 7 60
1 13 11 40
1 14 17 60
1 32 8 100
1 399
1 405
1 425
1 443
1 455
1 450
1 400
1 393
1 404
1 277
1 390
1 264
1 255
1 317
1 258
2 559
2 522
1 285
2 325
2 313
2 313
2 313
2 308
2 311
2 327
2 305
2 864
1 317
2 303
1 359
2 309
1 364
1 210
2 307
2 302
0
14
1 0 27 100
1 1 27 100
1 2 0 100
1 3 8 80
1 4 1 80
1 5 1 80
1 6 11 60
1 7 11 60
1 8 7 80
1 9 12 60
1 10 14 20
1 12 32 100
1 13 11 40
1 17 14 60
1 414
1 470
1 330
1 368
1 380
1 375
1 345
1 418
1 409
1 222
1 380
1 434
1 225
1 287
1 348
2 569
2 532
1 230
2 330
2 318
2 318
2 318
2 313
2 316
2 332
2 310
2 879
1 522
2 308
1 364
2 314
1 369
1 315
2 312
2 307
0
15
1 0 2 100
1 1 4 80
1 3 9 80
1 4 17 10
1 5 6 80
1 6 2 80
1 7 2 80
1 8 3 80
1 10 5 60
1 11 6 60
1 12 9 60
1 13 12 40
1 14 13 40
1 27 0 100
1 32 9 100
1 429
1 395
1 595
1 373
1 455
1 360
1 410
1 343
1 334
1 467
1 330
1 384
1 215
1 297
1 318
2 579
2 542
1 245
2 335
2 323
2 323
2 323
2 318
2 321
2 337
2 315
2 894
1 427
2 313
1 369
2 319
1 374
1 220
2 317
2 312
0
17
1 0 27 100
1 1 5 80
1 2 0 100
1 3 8 80
1 4 1 80
1 5 10 60
1 6 5 80
1 7 8 80
1 8 12 60
1 9 3 80
1 10 14 20
1 11 7 60
1 13 12 40
1 14 13 40
1 27 1 100
1 31 5 100
1 32 12 100
1 444
1 500
1 500
1 378
1 380
1 565
1 335
1 328
1 439
1 392
1 380
1 334
1 425
1 307
1 308
2 589
2 552
1 250
2 340
2 328
2 328
2 328
2 323
2 326
2 342
2 320
2 909
1 432
2 318
1 374
2 324
1 279
1 125
2 322
2 317
0
13
1 0 27 100
1 1 4 80
1 2 0 100
1 3 29 100
1 4 17 10
1 5 1 80
1 6 11 60
1 8 3 80
1 9 3 80
1 10 14 20
1 11 7 60
1 12 9 60
1 14 13 40
1 459
1 505
1 405
1 443
1 455
1 490
1 280
1 393
1 364
1 377
1 370
1 344
1 375
1 357
1 298
2 599
2 562
1 265
2 345
2 333
2 333
2 333
2 328
2 331
2 347
2 325
2 924
1 537
2 323
1 479
2 329
1 284
1 130
2 327
2 322
0
16
1 0 2 100
1 1 4 80
1 2 6 80
1 3 8 80
1 4 17 10
1 5 10 60
1 7 8 80
1 8 32 100
1 9 12 60
1 10 14 20
1 11 6 60
1 12 8 60
1 13 11 40
1 14 17 60
1 27 0 100
1 29 0 100
1 574
1 430
1 430
1 368
1 530
1 435
1 425
1 318
1 489
1 322
1 420
1 334
1 385
1 327
1 268
2 609
2 572
1 340
2 350
2 338
2 338
2 338
2 333
2 336
2 352
2 330
2 939
1 442
2 328
1 384
2 334
1 289
1 235
2 332
2 327
0
16
1 0 2 100
1 1 31 100
1 2 6 80
1 3 9 80
1 4 1 80
1 5 1 80
1 6 11 60
1 8 3 80
1 9 32 100
1 10 14 20
1 11 7 60
1 12 9 60
1 13 14 40
1 17 14 60
1 27 1 100
1 29 3 100
1 489
1 595
1 455
1 473
1 455
1 360
1 450
1 383
1 414
1 367
1 410
1 344
1 335
1 297
1 398
2 619
2 582
1 285
2 355
2 343
2 343
2 343
2 338
2 341
2 357
2 335
2 954
1 347
2 333
1 289
2 339
1 394
1 340
2 337
2 332
0
15
1 0 2 100
1 1 4 80
1 2 6 80
1 3 8 80
1 4 17 10
1 6 5 80
1 7 11 60
1 8 7 80
1 9 12 60
1 10 5 60
1 11 13 40
1 12 13 40
1 14 13 40
1 31 5 100
1 32 12 100
1 404
1 520
1 480
1 398
1 530
1 605
1 455
1 408
1 419
1 312
1 360
1 374
1 465
1 427
1 368
2 629
2 592
1 300
2 360
2 348
2 348
2 348
2 343
2 346
2 362
2 340
2 969
1 352
2 338
1 294
2 344
1 299
1 245
2 342
2 337
0
14
1 0 27 100
1 1 27 100
1 2 0 100
1 3 9 80
1 4 1 80
1 5 1 80
1 6 11 60
1 7 11 60
1 8 3 80
1 9 32 100
1 10 31 100
1 12 8 60
1 13 10 40
1 14 10 20
1 419
1 585
1 385
1 403
1 455
1 530
1 400
1 353
1 404
1 297
1 330
1 504
1 415
1 397
1 358
2 639
2 602
1 305
2 365
2 353
2 353
2 353
2 348
2 351
2 367
2 345
2 984
1 557
2 343
1 299
2 349
1 404
1 350
2 347
2 342
0
15
1 0 2 100
1 1 4 80
1 2 7 80
1 3 9 80
1 4 17 10
1 5 10 60
1 6 2 80
1 8 3 80
1 11 6 60
1 12 8 60
1 13 10 40
1 14 10 20
1 27 0 100
1 31 10 100
1 32 9 100
1 434
1 510
1 490
1 408
1 530
1 475
1 385
1 438
1 389
1 482
1 560
1 454
1 365
1 367
1 348
2 649
2 612
1 320
2 370
2 358
2 358
2 358
2 353
2 356
2 372
2 350
2 999
1 462
2 348
1 304
2 354
1 309
1 255
2 352
2 347
0
15
1 0 29 100
1 1 5 80
1 2 0 100
1 3 8 80
1 4 1 80
1 5 6 80
1 7 8 80
1 8 12 60
1 9 3 80
1 10 4 60
1 11 6 60
1 12 32 100
1 13 12 40
1 14 17 60
1 27 0 100
1 549
1 515
1 395
1 413
1 515
1 480
1 530
1 363
1 494
1 407
1 510
1 404
1 375
1 337
1 298
2 659
2 622
1 385
2 375
2 363
2 363
2 363
2 358
2 361
2 377
2 355
2 1014
1 367
2 353
1 409
2 359
1 314
1 360
2 357
2 352
0
14
1 0 2 100
1 1 5 80
1 2 7 80
1 3 9 80
1 4 17 10
1 5 31 100
1 6 2 80
1 8 3 80
1 9 12 60
1 10 5 60
1 11 7 60
1 12 13 40
1 13 14 40
1 17 14 60
1 464
1 440
1 500
1 418
1 510
1 525
1 455
1 508
1 419
1 432
1 460
1 354
1 405
1 347
1 408
2 669
2 632
1 340
2 380
2 368
2 368
2 368
2 363
2 366
2 382
2 360
2 1029
1 372
2 358
1 414
2 364
1 419
1 365
2 362
2 357
0
14
1 0 27 100
1 1 27 100
1 2 0 100
1 3 29 100
1 4 1 80
1 5 1 80
1 6 11 60
1 7 2 80
1 8 3 80
1 9 3 80
1 10 14 20
1 11 13 40
1 12 13 40
1 14 13 40
1 479
1 505
1 485
1 483
1 435
1 450
1 400
1 433
1 344
1 357
1 450
1 384
1 375
1 477
1 398
2 679
2 642
1 345
2 385
2 373
2 373
2 373
2 368
2 371
2 387
2 365
2 1044
1 577
2 363
1 519
2 369
1 424
1 370
2 367
2 362
0
14
1 1 4 80
1 2 0 100
1 3 8 80
1 4 17 10
1 5 6 80
1 6 11 60
1 7 8 80
1 10 4 60
1 12 8 60
1 13 10 40
1 14 17 60
1 27 0 100
1 29 0 100
1 32 8 100
1 794
1 430
1 390
1 408
1 570
1 375
1 425
1 358
1 669
1 362
1 440
1 454
1 325
1 447
1 348
2 689
2 652
1 420
2 390
2 378
2 378
2 378
2 373
2 376
2 392
2 370
2 1059
1 482
2 368
1 424
2 374
1 429
1 275
2 372
2 367
0
16
1 0 2 100
1 1 5 80
1 2 7 80
1 3 9 80
1 4 1 80
1 6 2 80
1 8 3 80
1 9 12 60
1 10 5 60
1 11 6 60
1 12 32 100
1 13 10 40
1 17 14 60
1 27 1 100
1 29 3 100
1 31 5 100
1 709
1 535
1 495
1 513
1 495
1 620
1 410
1 443
1 594
1 387
1 430
1 404
1 295
1 417
1 418
2 699
2 662
1 365
2 395
2 383
2 383
2 383
2 378
2 381
2 397
2 375
2 1074
1 387
2 373
1 329
2 379
1 334
1 380
2 377
2 372
0
14
1 0 2 100
1 1 4 80
1 2 6 80
1 3 9 80
1 4 17 10
1 5 1 80
1 6 11 60
1 7 11 60
1 8 3 80
1 9 12 60
1 10 14 20
1 13 11 40
1 14 13 40
1 32 12 100
1 624
1 540
1 520
1 518
1 570
1 545
1 435
1 388
1 519
1 412
1 420
1 574
1 465
1 427
1 408
2 709
2 672
1 380
2 400
2 388
2 388
2 388
2 383
2 386
2 402
2 380
2 1089
1 392
2 378
1 334
2 384
1 339
1 285
2 382
2 377
0
13
1 0 2 100
1 1 27 100
1 2 6 80
1 3 9 80
1 4 1 80
1 5 1 80
1 8 3 80
1 9 22 10
1 10 14 20
1 11 6 60
1 12 9 60
1 13 10 40
1 14 17 60
1 539
1 605
1 545
1 523
1 495
1 470
1 580
1 393
1 444
1 547
1 450
1 524
1 415
1 397
1 378
2 719
2 682
1 445
2 405
2 393
2 393
2 393
2 378
2 391
2 407
2 385
2 1104
1 497
2 383
1 339
2 389
1 344
1 290
2 387
2 382
0
14
1 0 27 100
1 1 4 80
1 2 0 100
1 3 8 80
1 4 17 10
1 5 10 60
1 6 2 80
1 8 7 80
1 9 3 80
1 10 14 20
1 11 7 60
1 12 13 40
1 13 14 40
1 17 14 60
1 554
1 530
1 530
1 528
1 570
1 415
1 505
1 538
1 449
1 472
1 500
1 474
1 385
1 407
1 508
2 729
2 692
1 400
2 410
2 398
2 398
2 398
2 383
2 396
2 412
2 390
2 1119
1 602
2 388
1 344
2 394
1 349
1 295
2 392
2 387
0
17
1 0 2 100
1 1 5 80
1 2 6 80
1 3 8 80
1 4 1 80
1 5 31 100
1 6 5 80
1 7 2 80
1 8 12 60
1 9 12 60
1 10 5 60
1 11 13 40
1 12 32 100
1 13 12 40
1 14 10 20
1 17 23 80
1 27 0 100
1 569
1 535
1 635
1 453
1 495
1 540
1 510
1 463
1 474
1 417
1 470
1 444
1 455
1 417
1 498
2 739
2 702
1 325
2 415
2 403
2 403
2 403
2 388
2 321
2 417
2 395
2 1134
1 507
2 393
1 349
2 399
1 454
1 400
2 397
2 392
0
15
1 0 27 100
1 1 4 80
1 2 0 100
1 3 9 80
1 4 17 10
1 5 1 80
1 6 11 60
1 7 11 60
1 8 3 80
1 9 22 10
1 10 13 40
1 11 13 40
1 12 9 60
1 14 10 20
1 17 23 80
1 584
1 540
1 540
1 458
1 570
1 465
1 455
1 408
1 399
1 552
1 460
1 534
1 405
1 507
1 488
2 749
2 712
1 260
2 420
2 408
2 408
2 408
2 383
2 246
2 422
2 400
2 1149
1 612
2 398
1 354
2 404
1 459
1 405
2 402
2 397
0
16
1 0 2 100
1 1 5 80
1 2 6 80
1 3 8 80
1 4 1 80
1 5 10 60
1 7 8 80
1 9 3 80
1 10 31 100
1 11 6 60
1 12 8 60
1 13 10 40
1 14 10 20
1 17 23 80
1 27 0 100
1 32 8 100
1 599
1 545
1 565
1 463
1 495
1 490
1 600
1 333
1 724
1 477
1 490
1 484
1 355
1 477
1 478
2 759
2 722
1 185
2 425
2 413
2 413
2 413
2 388
2 171
2 427
2 405
2 1164
1 517
2 403
1 359
2 409
1 564
1 310
2 407
2 402
0
15
1 0 2 100
1 1 4 80
1 2 7 80
1 3 29 100
1 4 17 10
1 6 2 80
1 8 3 80
1 9 3 80
1 10 14 20
1 11 7 60
1 12 32 100
1 13 12 40
1 14 13 40
1 17 23 80
1 31 1 100
1 514
1 570
1 670
1 528
1 570
1 495
1 525
1 478
1 649
1 402
1 480
1 434
1 305
1 487
1 468
2 769
2 732
1 120
2 430
2 418
2 418
2 418
2 393
2 96
2 432
2 410
2 1179
1 522
2 408
1 464
2 414
1 469
1 415
2 412
2 407
0
16
1 0 29 100
1 1 5 80
1 2 0 100
1 3 9 80
1 4 17 10
1 5 10 60
1 6 5 80
1 7 11 60
1 8 3 80
1 9 12 60
1 10 14 20
1 13 10 40
1 14 17 60
1 17 23 80
1 27 0 100
1 32 9 100
1 629
1 495
1 575
1 533
1 565
1 600
1 450
1 423
1 574
1 527
1 570
1 504
1 375
1 457
1 438
2 779
2 742
1 115
2 435
2 423
2 423
2 423
2 398
2 21
2 437
2 415
2 1194
1 427
2 413
1 569
2 419
1 474
1 320
2 417
2 412
0
15
1 0 2 100
1 1 27 100
1 2 6 80
1 3 9 80
1 4 1 80
1 5 1 80
1 8 3 80
1 9 12 60
1 10 4 60
1 11 6 60
1 12 32 100
1 13 12 40
1 14 17 60
1 17 23 26
1 29 3 100
1 544
1 560
1 600
1 638
1 550
1 525
1 595
1 428
1 499
1 552
1 520
1 454
1 385
1 427
1 388
2 789
2 752
1 154
2 440
2 428
2 428
2 428
2 403
1 10
2 442
2 420
2 1209
1 532
2 418
1 474
2 424
1 479
1 425
2 422
2 417
0
15
1 0 27 100
1 1 4 80
1 2 0 100
1 3 8 80
1 4 17 10
1 5 10 60
1 6 5 80
1 8 7 80
1 9 12 60
1 10 14 20
1 11 7 60
1 13 12 40
1 14 17 60
1 17 23 15
1 32 12 100
1 559
1 485
1 505
1 563
1 625
1 550
1 520
1 573
1 504
1 497
1 570
1 404
1 595
1 397
1 358
2 799
2 762
1 214
2 445
2 433
2 433
2 433
2 408
1 30
2 447
2 425
2 1224
1 637
2 423
1 479
2 429
1 484
1 330
2 427
2 422
0
16
1 0 2 100
1 1 31 100
1 3 8 80
1 4 1 80
1 5 1 80
1 6 2 80
1 7 2 80
1 8 32 100
1 9 22 10
1 10 5 60
1 11 13 40
1 12 8 60
1 13 14 40
1 14 17 60
1 17 23 35
1 27 0 100
1 574
1 550
1 770
1 488
1 550
1 535
1 445
1 498
1 549
1 492
1 520
1 374
1 545
1 407
1 348
2 809
2 772
1 244
2 450
2 438
2 438
2 438
2 403
1 70
2 452
2 430
2 1239
1 542
2 428
1 484
2 434
1 589
1 435
2 432
2 427
0
16
1 0 27 100
1 1 5 80
1 2 0 100
1 3 29 100
1 4 17 10
1 5 10 60
1 6 11 60
1 7 11 60
1 8 3 80
1 9 3 80
1 10 14 20
1 12 9 60
1 13 11 40
1 14 17 60
1 17 23 75
1 31 1 100
1 589
1 575
1 675
1 553
1 545
1 560
1 390
1 443
1 474
1 477
1 570
1 544
1 495
1 377
1 318
2 819
2 782
1 244
2 455
2 443
2 443
2 443
2 408
1 150
2 457
2 435
2 1254
1 647
2 433
1 589
2 439
1 494
1 440
2 437
2 432
0
15
1 1 4 80
1 2 0 100
1 3 8 80
1 4 17 10
1 5 6 80
1 8 7 80
1 9 22 10
1 10 4 60
1 11 6 60
1 12 8 60
1 13 14 40
1 14 17 60
1 17 23 80
1 27 0 100
1 29 3 100
1 804
1 500
1 580
1 578
1 680
1 485
1 535
1 528
1 539
1 472
1 520
1 494
1 445
1 347
1 308
2 829
2 792
1 239
2 460
2 448
2 448
2 448
2 403
1 235
2 462
2 440
2 1269
1 552
2 438
1 494
2 444
1 499
1 445
2 442
2 437
0
17
1 0 2 100
1 1 5 80
1 2 6 80
1 3 8 80
1 4 1 80
1 6 5 80
1 7 11 60
1 8 7 80
1 9 12 60
1 10 5 60
1 11 13 40
1 12 13 40
1 13 14 40
1 14 17 60
1 17 23 80
1 27 1 100
1 31 5 100
1 719
1 605
1 605
1 503
1 605
1 810
1 540
1 553
1 544
1 417
1 470
1 524
1 475
1 397
1 298
2 839
2 802
1 224
2 465
2 453
2 453
2 453
2 408
1 320
2 467
2 445
2 1284
1 457
2 443
1 499
2 449
1 404
1 450
2 447
2 442
0
17
1 0 2 100
1 1 27 100
1 2 6 80
1 3 9 80
1 4 17 10
1 5 1 80
1 6 11 60
1 7 8 80
1 8 3 80
1 9 22 10
1 10 14 20
1 11 13 40
1 12 9 60
1 13 14 40
1 14 17 60
1 23 17 80
1 32 9 100
1 634
1 590
1 630
1 508
1 600
1 735
1 565
1 478
1 549
1 652
1 460
1 554
1 425
1 407
1 308
2 849
2 812
1 379
2 470
2 458
2 458
2 458
2 403
1 245
2 472
2 450
2 1299
1 562
2 448
1 504
2 454
1 409
1 355
2 452
2 447
0
14
1 0 2 100
1 1 27 100
1 2 6 80
1 3 29 100
1 4 1 80
1 5 1 80
1 6 11 60
1 8 3 80
1 9 3 80
1 10 14 20
1 11 7 60
1 12 13 40
1 13 14 40
1 17 14 60
1 549
1 655
1 655
1 573
1 525
1 660
1 590
1 543
1 474
1 577
1 450
1 564
1 395
1 417
1 438
2 859
2 822
1 324
2 475
2 463
2 463
2 463
2 408
1 250
2 477
2 455
2 1314
1 667
2 453
1 609
2 459
1 414
1 360
2 457
2 452
0
17
1 1 4 80
1 2 0 100
1 3 8 80
1 4 17 10
1 5 1 80
1 6 11 60
1 7 8 80
1 8 12 60
1 9 3 80
1 10 14 20
1 11 7 60
1 12 32 100
1 13 12 40
1 14 13 40
1 17 23 80
1 27 0 100
1 29 0 100
1 864
1 660
1 560
1 578
1 600
1 585
1 535
1 528
1 579
1 502
1 440
1 574
1 405
1 427
1 428
2 869
2 832
1 259
2 480
2 468
2 468
2 468
2 413
1 335
2 482
2 460
2 1329
1 572
2 458
1 514
2 464
1 419
1 465
2 462
2 457
0
14
1 0 2 100
1 1 4 80
1 2 6 80
1 3 9 80
1 4 17 10
1 5 10 60
1 8 3 80
1 9 12 60
1 10 14 20
1 11 6 60
1 13 12 40
1 14 13 40
1 23 17 80
1 32 12 100
1 779
1 585
1 585
1 583
1 675
1 530
1 680
1 533
1 504
1 527
1 490
1 524
1 615
1 437
1 418
2 879
2 842
1 354
2 485
2 473
2 473
2 473
2 418
1 260
2 487
2 465
2 1344
1 577
2 463
1 519
2 469
1 424
1 370
2 467
2 462
0
16
1 0 2 100
1 1 5 80
1 2 7 80
1 3 8 80
1 4 1 80
1 5 10 60
1 6 2 80
1 7 8 80
1 8 32 100
1 9 22 10
1 10 14 20
1 11 13 40
1 12 8 60
1 13 14 40
1 14 17 60
1 17 23 80
1 694
1 590
1 690
1 508
1 600
1 555
1 605
1 538
1 629
1 522
1 540
1 494
1 565
1 447
1 428
2 889
2 852
1 339
2 490
2 478
2 478
2 478
2 413
1 345
2 492
2 470
2 1359
1 582
2 468
1 524
2 474
1 429
1 475
2 472
2 467
0
17
1 0 2 100
1 1 5 80
1 2 6 80
1 3 32 100
1 4 1 80
1 5 10 60
1 6 5 80
1 7 11 60
1 8 3 80
1 9 3 80
1 10 14 20
1 11 13 40
1 12 9 60
1 13 14 40
1 14 17 60
1 23 17 80
1 29 3 100
1 609
1 595
1 715
1 673
1 525
1 660
1 610
1 483
1 554
1 507
1 590
1 524
1 515
1 457
1 438
2 899
2 862
1 484
2 495
2 483
2 483
2 483
2 418
1 270
2 497
2 475
2 1374
1 587
2 473
1 429
2 479
1 434
1 580
2 477
2 472
0
15
1 0 27 100
1 1 4 80
1 2 0 100
1 3 8 80
1 4 17 10
1 5 1 80
1 6 11 60
1 8 7 80
1 9 22 10
1 10 4 60
1 11 7 60
1 12 9 60
1 13 14 40
1 17 14 60
1 32 8 100
1 624
1 600
1 620
1 598
1 660
1 585
1 555
1 628
1 659
1 562
1 540
1 534
1 465
1 427
1 548
2 909
2 872
1 439
2 500
2 488
2 488
2 488
2 413
1 275
2 502
2 480
2 1389
1 692
2 478
1 434
2 484
1 439
1 485
2 482
2 477
0
17
1 0 2 100
1 1 5 80
1 2 6 80
1 3 9 80
1 4 1 80
1 5 10 60
1 6 11 60
1 7 2 80
1 8 3 80
1 9 12 60
1 10 13 40
1 11 13 40
1 12 13 40
1 14 10 20
1 17 23 80
1 27 0 100
1 32 12 100
1 639
1 605
1 725
1 603
1 585
1 610
1 580
1 553
1 584
1 587
1 590
1 564
1 595
1 557
1 538
2 919
2 882
1 364
2 505
2 493
2 493
2 493
2 418
1 360
2 507
2 485
2 1404
1 597
2 483
1 439
2 489
1 444
1 390
2 487
2 482
0
15
1 0 27 100
1 1 4 80
1 2 0 100
1 3 8 80
1 4 17 10
1 5 1 80
1 6 11 60
1 8 7 80
1 9 22 10
1 10 4 60
1 11 7 60
1 12 8 60
1 13 14 40
1 14 17 60
1 17 23 80
1 654
1 610
1 630
1 528
1 720
1 535
1 525
1 698
1 649
1 582
1 540
1 574
1 545
1 527
1 528
2 929
2 892
1 359
2 510
2 498
2 498
2 498
2 413
1 445
2 512
2 490
2 1419
1 702
2 488
1 444
2 494
1 449
1 395
2 492
2 487
0
15
1 0 2 100
1 1 5 80
1 2 6 80
1 3 29 100
1 4 1 80
1 5 6 80
1 7 2 80
1 8 3 80
1 9 3 80
1 10 5 60
1 11 6 60
1 12 13 40
1 14 13 40
1 23 17 80
1 27 0 100
1 669
1 615
1 735
1 593
1 645
1 600
1 750
1 623
1 574
1 507
1 490
1 524
1 515
1 617
1 498
2 939
2 902
1 444
2 515
2 503
2 503
2 503
2 418
1 370
2 517
2 495
2 1434
1 607
2 493
1 549
2 499
1 454
1 400
2 497
2 492
0
15
1 0 27 100
1 1 5 80
1 2 0 100
1 3 8 80
1 4 1 80
1 5 10 60
1 6 2 80
1 7 8 80
1 8 12 60
1 9 22 10
1 10 31 100
1 12 9 60
1 13 10 40
1 14 10 20
1 17 23 80
1 684
1 620
1 720
1 518
1 570
1 625
1 675
1 548
1 679
1 562
1 520
1 534
1 525
1 587
1 488
2 949
2 912
1 369
2 520
2 508
2 508
2 508
2 413
1 455
2 522
2 500
2 1449
1 712
2 498
1 554
2 504
1 559
1 405
2 502
2 497
0
18
1 0 29 100
1 1 4 80
1 2 0 100
1 3 32 100
1 4 17 10
1 5 1 80
1 6 5 80
1 7 11 60
1 8 3 80
1 9 3 80
1 10 14 20
1 12 32 100
1 13 10 40
1 14 17 60
1 23 17 80
1 27 0 100
1 29 3 100
1 31 10 100
1 799
1 625
1 625
1 683
1 645
1 630
1 600
1 493
1 604
1 487
1 650
1 604
1 435
1 557
1 458
2 959
2 922
1 524
2 525
2 513
2 513
2 513
2 418
1 380
2 527
2 505
2 1464
1 617
2 503
1 559
2 509
1 464
1 610
2 507
2 502
0
13
1 0 2 100
1 1 27 100
1 2 6 80
1 3 8 80
1 4 1 80
1 5 1 80
1 8 7 80
1 9 12 60
1 10 4 60
1 11 6 60
1 13 12 40
1 17 14 60
1 32 8 100
1 714
1 690
1 650
1 608
1 630
1 555
1 745
1 578
1 709
1 432
1 600
1 554
1 545
1 527
1 528
2 969
2 932
1 469
2 530
2 518
2 518
2 518
2 423
1 385
2 532
2 510
2 1479
1 722
2 508
1 564
2 514
1 469
1 515
2 512
2 507
0
17
1 0 2 100
1 1 4 80
1 2 7 80
1 3 9 80
1 4 17 10
1 5 31 100
1 6 2 80
1 7 11 60
1 8 3 80
1 9 22 10
1 10 5 60
1 11 13 40
1 12 9 60
1 14 13 40
1 17 23 80
1 27 0 100
1 32 9 100
1 729
1 615
1 755
1 613
1 705
1 520
1 670
1 603
1 634
1 667
1 550
1 584
1 495
1 617
1 498
2 979
2 942
1 404
2 535
2 523
2 523
2 523
2 418
1 470
2 537
2 515
2 1494
1 627
2 513
1 569
2 519
1 574
1 420
2 517
2 512
0
16
1 0 27 100
1 1 5 80
1 2 0 100
1 3 29 100
1 4 1 80
1 6 5 80
1 7 11 60
1 8 3 80
1 9 3 80
1 10 5 60
1 12 32 100
1 13 10 40
1 14 17 60
1 23 17 80
1 27 1 100
1 31 5 100
1 744
1 720
1 660
1 678
1 630
1 845
1 595
1 548
1 559
1 592
1 540
1 654
1 405
1 587
1 448
2 989
2 952
1 549
2 540
2 528
2 528
2 528
2 423
1 395
2 542
2 520
2 1509
1 632
2 518
1 674
2 524
1 479
1 525
2 522
2 517
0
13
1 0 2 100
1 1 4 80
1 2 6 80
1 3 8 80
1 4 17 10
1 5 1 80
1 8 7 80
1 9 12 60
1 10 14 20
1 11 6 60
1 13 10 40
1 17 14 60
1 32 12 100
1 659
1 725
1 685
1 603
1 705
1 770
1 740
1 633
1 564
1 537
1 570
1 604
1 575
1 557
1 538
2 999
2 962
1 504
2 545
2 533
2 533
2 533
2 428
1 400
2 547
2 525
2 1524
1 637
2 523
1 679
2 529
1 484
1 430
2 527
2 522
0
17
1 0 27 100
1 1 4 80
1 2 0 100
1 3 8 80
1 4 17 10
1 5 1 80
1 6 2 80
1 7 8 80
1 8 32 100
1 9 22 10
1 10 14 20
1 11 13 40
1 12 8 60
1 13 14 40
1 14 17 60
1 17 23 80
1 29 0 100
1 774
1 730
1 670
1 528
1 780
1 695
1 665
1 558
1 689
1 532
1 560
1 574
1 525
1 567
1 548
2 1009
2 972
1 499
2 550
2 538
2 538
2 538
2 423
1 485
2 552
2 530
2 1539
1 742
2 528
1 584
2 534
1 489
1 535
2 532
2 527
0
16
1 0 2 100
1 1 5 80
1 2 6 80
1 4 1 80
1 5 10 60
1 6 11 60
1 8 3 80
1 9 3 80
1 10 14 20
1 11 7 60
1 13 10 40
1 14 17 60
1 17 23 80
1 27 1 100
1 29 3 100
1 32 3 100
1 689
1 835
1 695
1 893
1 705
1 720
1 690
1 623
1 614
1 457
1 650
1 584
1 535
1 537
1 518
2 1019
2 982
1 484
2 555
2 543
2 543
2 543
2 428
1 570
2 557
2 535
2 1554
1 647
2 533
1 489
2 539
1 494
1 440
2 537
2 532
0
16
1 0 27 100
1 1 4 80
1 2 0 100
1 3 8 80
1 4 17 10
1 5 10 60
1 6 11 60
1 7 8 80
1 8 12 60
1 9 22 10
1 10 14 20
1 11 13 40
1 12 9 60
1 13 12 40
1 14 17 60
1 23 17 80
1 704
1 760
1 600
1 818
1 780
1 665
1 635
1 548
1 719
1 512
1 700
1 614
1 585
1 547
1 488
2 1029
2 992
1 639
2 560
2 548
2 548
2 548
2 423
1 495
2 562
2 540
2 1569
1 752
2 538
1 494
2 544
1 499
1 445
2 542
2 537
0
15
1 0 2 100
1 1 5 80
1 2 7 80
1 3 8 80
1 4 1 80
1 5 6 80
1 6 2 80
1 8 7 80
1 9 22 10
1 10 5 60
1 11 7 60
1 12 9 60
1 13 14 40
1 17 14 60
1 27 0 100
1 719
1 765
1 705
1 743
1 705
1 730
1 640
1 773
1 724
1 567
1 650
1 564
1 535
1 517
1 598
2 1039
2 1002
1 584
2 565
2 553
2 553
2 553
2 418
1 500
2 567
2 545
2 1584
1 657
2 543
1 499
2 549
1 504
1 450
2 547
2 542
0
15
1 0 2 100
1 1 4 80
1 2 6 80
1 3 8 80
1 4 17 10
1 5 10 60
1 6 11 60
1 7 2 80
1 8 12 60
1 9 12 60
1 10 14 20
1 11 13 40
1 12 13 40
1 14 13 40
1 17 23 80
1 634
1 690
1 810
1 668
1 780
1 675
1 665
1 698
1 749
1 512
1 700
1 594
1 625
1 647
1 588
2 1049
2 1012
1 519
2 570
2 558
2 558
2 558
2 423
1 585
2 572
2 550
2 1599
1 662
2 548
1 504
2 554
1 509
1 455
2 552
2 547
0
16
1 0 29 100
1 1 5 80
1 2 0 100
1 3 9 80
1 4 1 80
1 5 6 80
1 6 11 60
1 7 11 60
1 8 3 80
1 9 22 10
1 10 5 60
1 12 9 60
1 13 11 40
1 14 17 60
1 23 17 80
1 27 0 100
1 749
1 695
1 715
1 673
1 705
1 740
1 690
1 643
1 674
1 647
1 650
1 764
1 575
1 617
1 538
2 1059
2 1022
1 664
2 575
2 563
2 563
2 563
2 418
1 510
2 577
2 555
2 1614
1 567
2 553
1 609
2 559
1 514
1 460
2 557
2 552
0
13
1 0 2 100
1 1 27 100
1 2 6 80
1 3 9 80
1 4 1 80
1 5 1 80
1 8 3 80
1 9 12 60
1 10 14 20
1 11 6 60
1 12 32 100
1 13 12 40
1 17 14 60
1 664
1 760
1 740
1 678
1 630
1 665
1 835
1 648
1 599
1 672
1 640
1 714
1 585
1 587
1 628
2 1069
2 1032
1 609
2 580
2 568
2 568
2 568
2 423
1 515
2 582
2 560
2 1629
1 672
2 558
1 614
2 564
1 519
1 565
2 562
2 557
0
17
1 0 29 100
1 1 4 80
1 2 0 100
1 3 8 80
1 4 17 10
1 5 10 60
1 6 2 80
1 7 8 80
1 8 12 60
1 9 12 60
1 10 4 60
1 11 7 60
1 12 32 100
1 13 12 40
1 14 13 40
1 17 23 80
1 27 0 100
1 779
1 685
1 725
1 603
1 765
1 610
1 760
1 633
1 704
1 617
1 650
1 664
1 655
1 597
1 598
2 1079
2 1042
1 544
2 585
2 573
2 573
2 573
2 428
1 600
2 587
2 565
2 1644
1 577
2 563
1 719
2 569
1 524
1 670
2 567
2 562
0
15
1 0 2 100
1 1 5 80
1 2 7 80
1 4 1 80
1 5 31 100
1 6 2 80
1 8 3 80
1 9 3 80
1 10 5 60
1 11 7 60
1 12 9 60
1 14 13 40
1 23 17 80
1 29 3 100
1 32 3 100
1 694
1 690
1 830
1 968
1 690
1 655
1 685
1 778
1 629
1 602
1 600
1 614
1 605
1 647
1 568
2 1089
2 1052
1 629
2 590
2 578
2 578
2 578
2 433
1 525
2 592
2 570
2 1659
1 582
2 568
1 624
2 574
1 629
1 575
2 572
2 567
0
15
1 0 27 100
1 1 5 80
1 2 0 100
1 3 8 80
1 4 17 10
1 5 10 60
1 6 5 80
1 7 8 80
1 8 12 60
1 9 22 10
1 10 14 20
1 12 9 60
1 13 10 40
1 17 14 60
1 31 10 100
1 709
1 615
1 735
1 893
1 685
1 760
1 610
1 703
1 734
1 657
1 790
1 624
1 615
1 617
1 658
2 1099
2 1062
1 584
2 595
2 583
2 583
2 583
2 428
1 530
2 597
2 575
2 1674
1 687
2 573
1 629
2 579
1 534
1 580
2 577
2 572
0
16
1 0 27 100
1 1 31 100
1 2 0 100
1 3 8 80
1 4 1 80
1 5 1 80
1 7 11 60
1 8 7 80
1 9 12 60
1 10 4 60
1 11 6 60
1 12 32 100
1 13 12 40
1 14 13 40
1 17 23 80
1 27 1 100
1 724
1 780
1 640
1 818
1 670
1 685
1 675
1 728
1 739
1 602
1 740
1 634
1 625
1 627
1 628
2 1109
2 1072
1 509
2 600
2 588
2 588
2 588
2 433
1 615
2 602
2 580
2 1689
1 692
2 578
1 634
2 584
1 639
1 685
2 582
2 577
0
16
1 0 2 100
1 1 4 80
1 3 8 80
1 4 17 10
1 5 6 80
1 6 2 80
1 7 2 80
1 8 7 80
1 9 22 10
1 10 4 60
1 11 13 40
1 12 9 60
1 13 12 40
1 14 13 40
1 23 17 80
1 32 9 100
1 639
1 705
1 905
1 743
1 805
1 610
1 680
1 733
1 744
1 757
1 690
1 604
1 615
1 677
1 598
2 1119
2 1082
1 604
2 605
2 593
2 593
2 593
2 428
1 540
2 607
2 585
2 1704
1 697
2 583
1 639
2 589
1 644
1 590
2 587
2 582
0
15
1 1 5 80
1 2 0 100
1 3 29 100
1 4 1 80
1 6 5 80
1 7 11 60
1 8 3 80
1 9 3 80
1 10 5 60
1 12 32 100
1 13 11 40
1 14 33 100
1 17 14 60
1 27 0 100
1 31 5 100
1 854
1 710
1 810
1 808
1 730
1 935
1 605
1 678
1 669
1 682
1 640
1 714
1 525
1 647
1 568
2 1129
2 1092
1 549
2 610
2 598
2 598
2 598
2 433
1 545
2 612
2 590
2 1719
1 602
2 588
1 744
2 594
1 549
1 695
2 492
2 587
0
16
1 0 2 100
1 1 27 100
1 2 6 80
1 3 8 80
1 4 1 80
1 5 1 80
1 7 8 80
1 8 12 60
1 9 12 60
1 10 14 20
1 11 6 60
1 13 10 40
1 14 17 60
1 17 23 80
1 23 33 100
1 32 8 100
1 769
1 775
1 835
1 733
1 655
1 860
1 750
1 603
1 874
1 627
1 670
1 664
1 655
1 617
1 538
2 1139
2 1102
1 534
2 615
2 603
2 603
2 603
2 438
1 530
2 617
2 595
2 1734
1 707
2 593
1 749
2 599
1 554
1 600
2 397
2 592
0
17
1 0 27 100
1 1 4 80
1 2 0 100
1 3 9 80
1 4 17 10
1 5 1 80
1 6 11 60
1 8 3 80
1 9 22 10
1 10 4 60
1 11 7 60
1 12 9 60
1 13 14 40
1 14 17 60
1 17 23 80
1 23 33 100
1 29 3 100
1 784
1 780
1 740
1 838
1 790
1 785
1 695
1 668
1 799
1 762
1 620
1 674
1 605
1 587
1 528
2 1149
2 1112
1 529
2 620
2 608
2 608
2 608
2 433
1 515
2 622
2 600
2 1749
1 812
2 598
1 654
2 604
1 559
1 605
2 302
2 597
0
17
1 0 2 100
1 1 31 100
1 2 6 80
1 3 8 80
1 4 1 80
1 5 1 80
1 6 11 60
1 8 7 80
1 9 12 60
1 10 14 20
1 11 7 60
1 12 13 40
1 13 14 40
1 14 33 100
1 17 14 60
1 23 33 100
1 27 0 100
1 799
1 845
1 765
1 763
1 715
1 710
1 720
1 813
1 804
1 707
1 610
1 684
1 635
1 597
1 558
2 1159
2 1122
1 474
2 625
2 613
2 613
2 613
2 438
1 420
2 627
2 605
2 1764
1 717
2 603
1 659
2 609
1 664
1 610
2 107
2 602
0
18
1 0 2 100
1 1 4 80
1 2 6 80
1 3 9 80
1 4 17 10
1 5 10 60
1 6 5 80
1 7 2 80
1 8 3 80
1 9 12 60
1 10 14 20
1 11 13 40
1 12 13 40
1 13 14 40
1 14 17 60
1 17 23 80
1 23 33 100
1 31 10 100
1 714
1 770
1 870
1 768
1 790
1 735
1 725
1 738
1 729
1 732
1 760
1 654
1 665
1 647
1 568
2 1169
2 1132
1 469
2 630
2 618
2 618
2 618
2 443
1 405
2 632
2 610
2 1779
1 722
2 608
1 664
2 614
1 569
1 615
2 12
2 607
0
20
1 0 29 100
1 1 5 80
1 2 0 100
1 3 8 80
1 4 1 80
1 5 6 80
1 6 11 60
1 7 8 80
1 8 12 60
1 9 12 60
1 10 5 60
1 11 13 40
1 12 13 40
1 13 14 40
1 14 17 60
1 14 33 17
1 17 23 80
1 17 33 17
1 23 33 17
1 27 0 100
1 829
1 775
1 775
1 693
1 715
1 800
1 750
1 663
1 834
1 677
1 710
1 684
1 755
1 697
1 541
2 1179
2 1142
1 437
2 635
2 623
2 623
2 623
2 448
1 473
2 637
2 615
2 1794
1 627
2 613
1 769
2 619
1 574
1 620
1 44
2 612
0
22
1 0 2 100
1 1 4 80
1 2 6 80
1 3 9 80
1 4 17 10
1 5 1 80
1 6 11 60
1 8 3 80
1 9 22 10
1 10 14 20
1 11 7 60
1 12 9 60
1 13 11 40
1 14 17 60
1 14 33 49
1 17 33 49
1 23 17 80
1 29 3 100
1 33 14 44
1 33 17 44
1 33 18 44
1 33 23 44
1 744
1 780
1 800
1 798
1 790
1 725
1 775
1 728
1 759
1 812
1 700
1 734
1 705
1 667
1 506
2 1189
2 1152
1 587
2 596
2 628
2 628
2 628
2 443
1 442
2 642
2 620
2 1809
1 632
2 618
1 674
2 624
1 579
1 625
1 147
2 617
0
16
1 0 27 100
1 1 5 80
1 2 0 100
1 3 8 80
1 4 1 80
1 5 10 60
1 6 5 80
1 8 7 80
1 9 3 80
1 10 14 20
1 11 7 60
1 12 13 40
1 13 14 40
1 14 33 100
1 17 14 60
1 23 33 100
1 759
1 785
1 705
1 803
1 715
1 830
1 700
1 873
1 764
1 737
1 750
1 684
1 675
1 677
1 536
2 1199
2 1162
1 532
2 601
2 633
2 633
2 633
2 448
1 347
2 647
2 625
2 1824
1 737
2 623
1 679
2 629
1 584
1 630
1 352
2 622
0
17
1 0 2 100
1 1 4 80
1 2 6 80
1 3 8 80
1 4 17 10
1 5 1 80
1 6 11 60
1 7 2 80
1 8 12 60
1 9 12 60
1 10 4 60
1 11 13 40
1 12 32 100
1 13 12 40
1 14 17 60
1 17 23 80
1 33 23 100
1 674
1 790
1 810
1 728
1 850
1 755
1 725
1 798
1 789
1 682
1 700
1 714
1 745
1 687
1 486
2 1209
2 1172
1 527
2 606
2 638
2 638
2 638
2 453
1 532
2 652
2 630
2 1839
1 742
2 628
1 684
2 634
1 589
1 735
1 257
2 627
0
19
1 1 5 80
1 2 0 100
1 3 9 80
1 4 1 80
1 5 10 60
1 6 11 60
1 7 8 80
1 8 3 80
1 9 22 10
1 10 14 20
1 11 13 40
1 12 9 60
1 13 14 40
1 14 33 100
1 17 14 60
1 23 17 80
1 27 0 100
1 29 0 100
1 32 3 100
1 989
1 795
1 715
1 833
1 775
1 780
1 670
1 723
1 794
1 817
1 750
1 744
1 695
1 697
1 516
2 1219
2 1182
1 552
2 611
2 643
2 643
2 643
2 448
1 457
2 657
2 635
2 1854
1 647
2 633
1 589
2 639
1 594
1 640
1 362
2 632
0
16
1 0 2 100
1 1 4 80
1 2 6 80
1 3 8 80
1 4 17 10
1 5 10 60
1 7 2 80
1 8 7 80
1 9 12 60
1 10 14 20
1 11 6 60
1 12 32 100
1 13 12 40
1 14 33 100
1 17 14 60
1 23 33 100
1 904
1 720
1 820
1 758
1 850
1 725
1 815
1 728
1 799
1 762
1 800
1 694
1 705
1 667
1 506
2 1229
2 1192
1 507
2 616
2 648
2 648
2 648
2 453
1 362
2 662
2 640
2 1869
1 652
2 638
1 594
2 644
1 599
1 745
1 567
2 637
0
17
1 0 2 100
1 1 27 100
1 2 6 80
1 3 29 100
1 4 1 80
1 5 1 80
1 6 5 80
1 7 11 60
1 8 3 80
1 9 3 80
1 10 5 60
1 11 13 40
1 12 13 40
1 13 14 40
1 17 14 60
1 32 12 100
1 33 14 100
1 819
1 785
1 845
1 823
1 775
1 790
1 820
1 673
1 724
1 687
1 750
1 724
1 775
1 717
1 716
2 1239
2 1202
1 452
2 621
2 653
2 653
2 653
2 458
1 367
2 667
2 645
2 1884
1 757
2 643
1 699
2 649
1 604
1 650
1 472
2 642
0
16
1 0 27 100
1 1 4 80
1 2 0 100
1 3 8 80
1 4 17 10
1 5 1 80
1 6 5 80
1 8 7 80
1 9 22 10
1 10 14 20
1 11 7 60
1 12 8 60
1 13 14 40
1 14 17 60
1 17 23 80
1 33 17 100
1 834
1 790
1 750
1 748
1 850
1 795
1 745
1 818
1 789
1 682
1 740
1 674
1 725
1 687
1 726
2 1249
2 1212
1 547
2 626
2 658
2 658
2 658
2 453
1 452
2 672
2 650
2 1899
1 862
2 648
1 704
2 654
1 609
1 655
1 377
2 647
0
17
1 0 2 100
1 1 31 100
1 2 6 80
1 3 9 80
1 4 1 80
1 5 1 80
1 6 11 60
1 7 2 80
1 8 3 80
1 9 22 10
1 10 14 20
1 12 9 60
1 13 11 40
1 14 13 40
1 17 23 80
1 23 33 100
1 27 0 100
1 849
1 855
1 855
1 753
1 775
1 720
1 770
1 743
1 714
1 817
1 730
1 784
1 675
1 697
1 716
2 1259
2 1222
1 472
2 631
2 663
2 663
2 663
2 448
1 437
2 677
2 655
2 1914
1 767
2 653
1 709
2 659
1 714
1 660
1 482
2 652
0
17
1 0 27 100
1 1 4 80
1 2 0 100
1 3 8 80
1 4 17 10
1 5 31 100
1 6 5 80
1 7 8 80
1 8 12 60
1 9 3 80
1 10 5 60
1 11 6 60
1 12 32 100
1 13 12 40
1 14 13 40
1 17 23 80
1 33 17 100
1 864
1 780
1 760
1 758
1 850
1 765
1 755
1 668
1 819
1 742
1 680
1 734
1 685
1 707
1 686
2 1269
2 1232
1 507
2 636
2 668
2 668
2 668
2 453
1 522
2 682
2 660
2 1929
1 872
2 658
1 714
2 664
1 819
1 765
1 387
2 657
0
17
1 0 2 100
1 1 5 80
1 2 6 80
1 3 9 80
1 4 1 80
1 5 10 60
1 6 11 60
1 8 3 80
1 9 12 60
1 11 7 60
1 13 10 40
1 14 10 20
1 17 33 100
1 23 17 80
1 27 0 100
1 31 1 100
1 32 3 100
1 879
1 885
1 785
1 863
1 775
1 790
1 780
1 733
1 744
1 767
1 810
1 744
1 755
1 677
1 676
2 1279
2 1242
1 492
2 641
2 673
2 673
2 673
2 458
1 447
2 687
2 665
2 1944
1 777
2 663
1 719
2 669
1 724
1 670
1 492
2 662
0
16
1 0 2 100
1 1 4 80
1 2 6 80
1 3 8 80
1 4 17 10
1 5 6 80
1 6 11 60
1 8 7 80
1 9 12 60
1 10 4 60
1 11 7 60
1 12 8 60
1 13 14 40
1 14 17 60
1 17 23 80
1 33 23 100
1 794
1 810
1 810
1 788
1 910
1 715
1 885
1 878
1 809
1 712
1 760
1 754
1 765
1 647
1 666
2 1289
2 1252
1 487
2 646
2 678
2 678
2 678
2 463
1 632
2 692
2 670
2 1959
1 782
2 668
1 724
2 674
1 729
1 675
1 397
2 667
0
16
1 0 27 100
1 1 5 80
1 2 0 100
1 3 9 80
1 4 1 80
1 6 2 80
1 7 2 80
1 8 3 80
1 9 22 10
1 10 5 60
1 11 13 40
1 12 9 60
1 14 13 40
1 17 33 100
1 23 17 80
1 31 5 100
1 809
1 815
1 875
1 793
1 835
1 960
1 810
1 803
1 734
1 847
1 710
1 724
1 715
1 737
1 636
2 1299
2 1262
1 472
2 651
2 683
2 683
2 683
2 458
1 557
2 697
2 675
2 1974
1 887
2 673
1 729
2 679
1 634
1 680
1 502
2 672
0
17
1 0 29 100
1 1 31 100
1 2 0 100
1 3 8 80
1 4 1 80
1 5 1 80
1 6 11 60
1 7 8 80
1 8 12 60
1 9 3 80
1 10 14 20
1 12 32 100
1 13 10 40
1 14 17 60
1 23 17 80
1 27 0 100
1 33 17 100
1 924
1 880
1 780
1 798
1 760
1 885
1 755
1 728
1 839
1 772
1 740
1 794
1 685
1 707
1 606
2 1309
2 1272
1 717
2 656
2 688
2 688
2 688
2 463
1 482
2 702
2 680
2 1989
1 792
2 678
1 834
2 684
1 739
1 785
1 407
2 677
0
16
1 0 2 100
1 1 4 80
1 2 6 80
1 3 9 80
1 4 17 10
1 5 1 80
1 8 3 80
1 9 12 60
1 10 14 20
1 11 6 60
1 13 12 40
1 14 33 100
1 17 14 60
1 23 33 100
1 29 3 100
1 32 9 100
1 839
1 885
1 805
1 903
1 835
1 810
1 900
1 733
1 764
1 897
1 730
1 744
1 795
1 677
1 596
2 1319
2 1282
1 672
2 661
2 693
2 693
2 693
2 468
1 387
2 707
2 685
2 2004
1 797
2 683
1 739
2 689
1 744
1 690
1 612
2 682
0
16
1 0 2 100
1 1 4 80
1 2 7 80
1 3 8 80
1 4 17 10
1 5 10 60
1 6 2 80
1 8 7 80
1 9 12 60
1 10 14 20
1 11 7 60
1 12 8 60
1 13 14 40
1 17 14 60
1 31 10 100
1 33 14 100
1 754
1 810
1 910
1 828
1 910
1 755
1 825
1 958
1 829
1 842
1 880
1 694
1 805
1 647
1 826
2 1329
2 1292
1 627
2 666
2 698
2 698
2 698
2 473
1 392
2 712
2 690
2 2019
1 802
2 688
1 744
2 694
1 649
1 695
1 517
2 687
0
17
1 0 29 100
1 1 5 80
1 2 0 100
1 3 29 100
1 4 1 80
1 5 31 100
1 6 5 80
1 7 2 80
1 8 3 80
1 9 3 80
1 10 5 60
1 11 13 40
1 12 13 40
1 14 13 40
1 17 23 80
1 27 0 100
1 33 23 100
1 869
1 815
1 895
1 893
1 835
1 880
1 750
1 883
1 754
1 767
1 830
1 664
1 775
1 777
1 796
2 1339
2 1302
1 552
2 671
2 703
2 703
2 703
2 478
1 577
2 717
2 695
2 2034
1 707
2 693
1 949
2 699
1 754
1 700
1 422
2 692
0
17
1 0 27 100
1 1 27 100
1 2 0 100
1 3 8 80
1 4 1 80
1 5 1 80
1 6 11 60
1 7 8 80
1 8 32 100
1 9 22 10
1 10 14 20
1 12 8 60
1 13 11 40
1 14 13 40
1 17 33 100
1 23 17 80
1 29 0 100
1 984
1 880
1 800
1 818
1 760
1 805
1 695
1 808
1 879
1 762
1 820
1 774
1 725
1 787
1 786
2 1349
2 1312
1 537
2 676
2 708
2 708
2 708
2 473
1 502
2 722
2 700
2 2049
1 912
2 698
1 854
2 704
1 759
1 805
1 527
2 697
0
18
1 0 2 100
1 1 4 80
1 2 6 80
1 3 9 80
1 4 17 10
1 5 6 80
1 7 2 80
1 8 3 80
1 9 12 60
1 10 4 60
1 11 6 60
1 13 11 40
1 14 17 60
1 17 23 80
1 27 1 100
1 29 3 100
1 32 9 100
1 33 23 100
1 899
1 905
1 905
1 923
1 895
1 730
1 920
1 733
1 804
1 887
1 770
1 764
1 795
1 757
1 736
2 1359
2 1322
1 532
2 681
2 713
2 713
2 713
2 478
1 687
2 727
2 705
2 2064
1 817
2 703
1 759
2 709
1 764
1 710
1 432
2 702
0
16
1 0 27 100
1 1 4 80
1 2 0 100
1 3 8 80
1 4 17 10
1 6 2 80
1 8 7 80
1 9 12 60
1 10 5 60
1 11 7 60
1 12 13 40
1 13 14 40
1 14 17 60
1 17 33 100
1 23 17 80
1 31 5 100
1 914
1 830
1 890
1 848
1 970
1 895
1 845
1 878
1 809
1 832
1 720
1 714
1 825
1 767
1 726
2 1369
2 1332
1 587
2 686
2 718
2 718
2 718
2 483
1 612
2 732
2 710
2 2079
1 922
2 708
1 764
2 714
1 669
1 715
1 537
2 707
0
17
1 0 2 100
1 1 31 100
1 2 6 80
1 3 8 80
1 4 1 80
1 5 1 80
1 6 11 60
1 7 8 80
1 8 32 100
1 9 12 60
1 10 31 100
1 12 8 60
1 13 10 40
1 14 10 20
1 17 33 100
1 23 17 80
1 27 0 100
1 929
1 895
1 915
1 773
1 895
1 820
1 870
1 803
1 934
1 777
1 690
1 784
1 835
1 737
1 716
2 1379
2 1342
1 572
2 691
2 723
2 723
2 723
2 488
1 537
2 737
2 715
2 2094
1 827
2 713
1 769
2 719
1 874
1 820
1 642
2 712
0
18
1 0 2 100
1 1 5 80
1 2 6 80
1 3 29 100
1 4 17 10
1 5 10 60
1 6 5 80
1 7 11 60
1 8 3 80
1 9 3 80
1 11 13 40
1 12 9 60
1 13 10 40
1 14 10 20
1 17 23 80
1 31 5 100
1 32 3 100
1 33 17 100
1 844
1 820
1 940
1 938
1 890
1 1025
1 875
1 748
1 859
1 762
1 820
1 814
1 785
1 747
1 706
2 1389
2 1352
1 607
2 696
2 728
2 728
2 728
2 493
1 622
2 742
2 720
2 2109
1 832
2 718
1 874
2 724
1 779
1 725
1 547
2 717
0
18
1 0 27 100
1 1 31 100
1 2 0 100
1 3 8 80
1 4 1 80
1 5 1 80
1 6 11 60
1 8 7 80
1 9 22 10
1 10 14 20
1 11 7 60
1 12 9 60
1 13 14 40
1 14 17 60
1 17 33 100
1 23 17 80
1 27 1 100
1 29 0 100
1 959
1 985
1 845
1 863
1 815
1 950
1 820
1 893
1 864
1 817
1 810
1 824
1 735
1 717
1 716
2 1399
2 1362
1 652
2 701
2 733
2 733
2 733
2 488
1 547
2 747
2 725
2 2124
1 837
2 723
1 779
2 729
1 884
1 730
1 652
2 722
0
17
1 0 2 100
1 1 4 80
1 2 6 80
1 3 9 80
1 4 17 10
1 5 10 60
1 7 2 80
1 8 3 80
1 9 12 60
1 10 14 20
1 11 6 60
1 12 13 40
1 13 14 40
1 14 17 60
1 17 23 80
1 31 4 100
1 33 23 100
1 874
1 910
1 950
1 868
1 990
1 895
1 965
1 818
1 789
1 842
1 860
1 774
1 765
1 727
1 726
2 1409
2 1372
1 647
2 706
2 738
2 738
2 738
2 493
1 732
2 752
2 730
2 2139
1 842
2 728
1 784
2 734
1 789
1 735
1 557
2 727
0
17
1 0 27 100
1 1 5 80
1 2 0 100
1 3 8 80
1 4 1 80
1 5 10 60
1 6 2 80
1 7 8 80
1 8 12 60
1 9 12 60
1 10 14 20
1 11 13 40
1 12 13 40
1 13 14 40
1 14 17 60
1 17 33 100
1 23 17 80
1 889
1 915
1 935
1 793
1 915
1 920
1 890
1 743
1 894
1 787
1 910
1 744
1 855
1 777
1 736
2 1419
2 1382
1 692
2 711
2 743
2 743
2 743
2 498
1 657
2 757
2 735
2 2154
1 947
2 733
1 789
2 739
1 794
1 740
1 662
2 732
0
17
1 0 29 100
1 1 31 100
1 2 0 100
1 3 9 80
1 4 17 10
1 5 1 80
1 6 11 60
1 8 3 80
1 9 22 10
1 10 14 20
1 11 7 60
1 12 9 60
1 13 11 40
1 14 17 60
1 17 23 80
1 27 0 100
1 33 23 100
1 1004
1 900
1 840
1 798
1 910
1 845
1 835
1 808
1 819
1 922
1 900
1 794
1 805
1 747
1 706
2 1429
2 1392
1 687
2 716
2 748
2 748
2 748
2 493
1 842
2 762
2 740
2 2169
1 852
2 738
1 894
2 744
1 899
1 745
1 567
2 737
0
19
1 0 2 100
1 1 5 80
1 2 6 80
1 3 32 100
1 4 1 80
1 5 6 80
1 6 11 60
1 7 11 60
1 8 3 80
1 9 3 80
1 10 5 60
1 11 13 40
1 12 13 40
1 13 14 40
1 14 17 60
1 17 33 100
1 23 17 80
1 29 3 100
1 31 5 100
1 919
1 905
1 865
1 963
1 835
1 1010
1 940
1 753
1 744
1 847
1 850
1 884
1 775
1 797
1 696
2 1439
2 1402
1 732
2 721
2 753
2 753
2 753
2 498
1 767
2 767
2 745
2 2184
1 857
2 743
1 799
2 749
1 804
1 850
1 672
2 742
0
17
1 0 2 100
1 1 4 80
1 2 7 80
1 3 8 80
1 4 17 10
1 5 1 80
1 6 2 80
1 7 8 80
1 9 12 60
1 10 4 60
1 11 7 60
1 12 8 60
1 13 12 40
1 14 33 100
1 17 14 60
1 23 17 80
1 32 8 100
1 834
1 910
1 970
1 888
1 970
1 935
1 865
1 818
1 1069
1 792
1 800
1 834
1 825
1 767
1 666
2 1449
2 1412
1 767
2 726
2 758
2 758
2 758
2 503
1 692
2 772
2 750
2 2199
1 862
2 748
1 804
2 754
1 809
1 755
1 777
2 747
0
17
1 0 29 100
1 1 27 100
1 2 0 100
1 3 9 80
1 4 1 80
1 5 1 80
1 6 11 60
1 8 3 80
1 9 22 10
1 10 14 20
1 11 7 60
1 12 9 60
1 13 14 40
1 17 14 60
1 27 0 100
1 31 10 100
1 33 14 100
1 949
1 975
1 875
1 893
1 895
1 860
1 810
1 883
1 994
1 927
1 890
1 844
1 775
1 737
1 896
2 1459
2 1422
1 712
2 731
2 763
2 763
2 763
2 498
1 697
2 777
2 755
2 2214
1 867
2 753
1 909
2 759
1 714
1 760
1 682
2 752
0
16
1 0 2 100
1 1 4 80
1 2 6 80
1 3 32 100
1 4 17 10
1 5 6 80
1 7 2 80
1 8 3 80
1 9 3 80
1 10 5 60
1 11 6 60
1 12 13 40
1 14 10 20
1 17 23 80
1 23 33 100
1 29 3 100
1 864
1 900
1 980
1 1058
1 970
1 845
1 1035
1 808
1 919
1 852
1 860
1 794
1 745
1 787
1 886
2 1469
2 1432
1 647
2 736
2 768
2 768
2 768
2 503
1 682
2 782
2 760
2 2229
1 872
2 758
1 814
2 764
1 719
1 865
1 787
2 757
0
18
1 0 29 100
1 1 5 80
1 2 0 100
1 3 8 80
1 4 1 80
1 5 31 100
1 6 2 80
1 7 11 60
1 8 7 80
1 9 12 60
1 10 5 60
1 11 13 40
1 13 12 40
1 14 10 20
1 23 17 80
1 27 0 100
1 32 9 100
1 33 17 100
1 979
1 905
1 965
1 983
1 895
1 890
1 960
1 833
1 924
1 897
1 830
1 824
1 855
1 797
1 876
2 1479
2 1442
1 832
2 741
2 773
2 773
2 773
2 508
1 607
2 787
2 765
2 2244
1 777
2 763
1 919
2 769
1 824
1 770
1 692
2 762
0
16
1 0 2 100
1 1 4 80
1 2 6 80
1 3 8 80
1 4 17 10
1 5 10 60
1 6 5 80
1 7 11 60
1 8 7 80
1 9 12 60
1 10 13 40
1 11 13 40
1 12 13 40
1 14 10 20
1 17 23 80
1 33 23 100
1 894
1 830
1 990
1 908
1 970
1 915
1 965
1 858
1 929
1 842
1 880
1 854
1 885
1 927
1 866
2 1489
2 1452
1 767
2 746
2 778
2 778
2 778
2 513
1 792
2 792
2 770
2 2259
1 782
2 768
1 924
2 774
1 829
1 775
1 597
2 767
0
17
1 0 27 100
1 1 27 100
1 2 0 100
1 3 9 80
1 4 1 80
1 5 1 80
1 6 5 80
1 7 11 60
1 8 3 80
1 9 22 10
1 10 14 20
1 12 9 60
1 13 10 40
1 14 17 60
1 17 33 100
1 23 17 80
1 29 0 100
1 1009
1 895
1 895
1 913
1 895
1 920
1 890
1 803
1 854
1 977
1 910
1 924
1 835
1 897
1 836
2 1499
2 1462
1 812
2 751
2 783
2 783
2 783
2 508
1 717
2 797
2 775
2 2274
1 987
2 773
1 829
2 779
1 834
1 780
1 702
2 772
0
16
1 0 2 100
1 1 31 100
1 2 6 80
1 3 8 80
1 4 17 10
1 5 1 80
1 8 7 80
1 9 3 80
1 10 4 60
1 11 6 60
1 12 32 100
1 13 12 40
1 14 17 60
1 17 23 80
1 23 33 100
1 27 1 100
1 924
1 980
1 920
1 918
1 950
1 845
1 1035
1 888
1 859
1 902
1 860
1 874
1 785
1 867
1 786
2 1509
2 1472
1 807
2 756
2 788
2 788
2 788
2 513
1 702
2 802
2 780
2 2289
1 892
2 778
1 834
2 784
1 939
1 885
1 807
2 777
0
17
1 0 2 100
1 1 4 80
1 2 7 80
1 3 8 80
1 4 17 10
1 6 2 80
1 7 8 80
1 8 12 60
1 9 12 60
1 10 5 60
1 11 13 40
1 13 10 40
1 14 18 60
1 17 14 60
1 31 5 100
1 32 8 100
1 33 14 100
1 839
1 905
1 1025
1 843
1 1025
1 1010
1 960
1 893
1 1064
1 847
1 850
1 844
1 915
1 877
1 896
2 1519
2 1482
1 762
2 701
2 793
2 793
2 793
2 518
1 707
2 807
2 785
2 2304
1 897
2 783
1 839
2 789
1 844
1 790
1 712
2 782
0
17
1 1 27 100
1 2 0 100
1 3 29 100
1 4 1 80
1 5 1 80
1 6 11 60
1 7 11 60
1 8 3 80
1 9 3 80
1 10 31 100
1 12 9 60
1 13 10 40
1 14 10 20
1 17 23 80
1 23 18 80
1 27 0 100
1 33 18 100
1 1054
1 970
1 930
1 908
1 950
1 935
1 905
1 838
1 989
1 832
1 820
1 974
1 865
1 847
1 886
2 1529
2 1492
1 687
2 526
2 798
2 798
2 798
2 523
1 712
2 812
2 790
2 2319
1 902
2 788
1 944
2 794
1 949
1 795
1 617
2 787
0
17
1 0 2 100
1 1 4 80
1 2 6 80
1 3 9 80
1 4 17 10
1 5 10 60
1 8 3 80
1 9 22 10
1 11 6 60
1 12 9 60
1 13 10 40
1 14 10 20
1 17 33 100
1 23 17 80
1 29 3 100
1 31 5 100
1 33 18 100
1 969
1 895
1 955
1 1013
1 1025
1 980
1 1050
1 843
1 914
1 967
1 950
1 924
1 815
1 817
1 876
2 1539
2 1502
1 682
2 431
2 803
2 803
2 803
2 518
1 637
2 817
2 795
2 2334
1 907
2 793
1 849
2 799
1 854
1 800
1 622
2 792
0
18
1 0 2 100
1 1 31 100
1 2 7 80
1 3 8 80
1 4 1 80
1 5 1 80
1 6 2 80
1 8 7 80
1 9 12 60
1 10 14 20
1 11 7 60
1 12 32 100
1 13 12 40
1 14 13 40
1 17 23 80
1 23 18 80
1 27 1 100
1 33 18 100
1 884
1 1060
1 1060
1 938
1 950
1 905
1 975
1 1068
1 919
1 912
1 940
1 874
1 825
1 827
1 866
2 1549
2 1512
1 607
2 256
2 808
2 808
2 808
2 523
1 642
2 822
2 800
2 2349
1 812
2 798
1 854
2 804
1 959
1 905
1 527
2 797
0
18
1 0 27 100
1 1 4 80
1 2 0 100
1 3 8 80
1 4 17 10
1 6 5 80
1 7 2 80
1 8 12 60
1 9 12 60
1 10 5 60
1 11 13 40
1 13 12 40
1 14 13 40
1 17 33 100
1 23 17 80
1 31 4 100
1 32 12 100
1 33 18 100
1 899
1 985
1 1045
1 863
1 1125
1 1050
1 900
1 993
1 944
1 857
1 890
1 844
1 1095
1 877
1 836
2 1559
2 1522
1 602
2 161
2 813
2 813
2 813
2 528
1 567
2 827
2 805
2 2364
1 917
2 803
1 859
2 809
1 864
1 810
1 532
2 802
0
19
1 0 29 100
1 1 27 100
1 2 0 100
1 3 9 80
1 4 1 80
1 5 1 80
1 6 11 60
1 7 8 80
1 8 3 80
1 9 22 10
1 10 14 20
1 12 8 60
1 13 11 40
1 14 17 60
1 14 18 60
1 17 23 80
1 23 18 80
1 27 0 100
1 33 18 100
1 1014
1 1050
1 950
1 868
1 1050
1 975
1 845
1 918
1 1009
1 932
1 880
1 954
1 1045
1 847
1 746
2 1569
2 1532
1 587
1 84
2 818
2 818
2 818
2 523
1 572
2 832
2 810
2 2379
1 922
2 808
1 964
2 814
1 869
1 815
1 437
2 807
0
19
1 0 2 100
1 1 5 80
1 2 6 80
1 3 32 100
1 4 17 10
1 5 10 60
1 8 3 80
1 9 3 80
1 10 14 20
1 11 6 60
1 12 8 60
1 13 14 40
1 14 17 60
1 14 18 60
1 17 23 80
1 23 18 80
1 23 33 100
1 29 3 100
1 33 18 89
1 929
1 975
1 975
1 1033
1 1045
1 1000
1 990
1 923
1 994
1 857
1 930
1 904
1 995
1 817
1 696
2 1579
2 1542
1 582
1 318
2 823
2 823
2 823
2 528
1 477
2 837
2 815
2 2394
1 927
2 813
1 869
2 819
1 874
1 920
1 453
2 812
0
19
1 0 27 100
1 1 27 100
1 2 0 100
1 3 8 80
1 4 1 80
1 5 1 80
1 6 2 80
1 7 11 60
1 8 7 80
1 9 22 10
1 10 14 20
1 11 13 40
1 12 8 60
1 13 14 40
1 14 17 60
1 17 23 80
1 23 18 80
1 32 9 100
1 33 18 100
1 944
1 1040
1 960
1 958
1 970
1 925
1 915
1 948
1 1059
1 952
1 920
1 934
1 945
1 827
1 706
2 1589
2 1552
1 567
1 503
2 828
2 828
2 828
2 523
1 482
2 842
2 820
2 2409
1 1132
2 818
1 874
2 824
1 879
1 825
1 358
2 817
0
18
1 0 29 100
1 1 4 80
1 2 0 100
1 3 9 80
1 4 17 10
1 5 10 60
1 7 11 60
1 8 3 80
1 9 12 60
1 10 14 20
1 11 6 60
1 12 13 40
1 13 14 40
1 14 17 60
1 17 23 80
1 18 23 80
1 23 33 100
1 27 0 100
1 1059
1 965
1 865
1 963
1 1045
1 870
1 980
1 893
1 984
1 977
1 970
1 944
1 975
1 837
1 716
2 1599
2 1562
1 562
1 428
2 833
2 833
2 833
2 528
1 547
2 847
2 825
2 2424
1 1037
2 823
1 979
2 829
1 884
1 830
1 463
2 822
0
19
1 0 2 100
1 1 5 80
1 3 32 100
1 4 1 80
1 6 2 80
1 7 2 80
1 8 3 80
1 9 3 80
1 10 5 60
1 11 7 60
1 12 13 40
1 13 14 40
1 14 17 60
1 17 23 80
1 23 18 80
1 27 1 100
1 29 3 100
1 31 5 100
1 33 18 100
1 974
1 1070
1 1130
1 1128
1 970
1 1115
1 905
1 878
1 909
1 902
1 920
1 894
1 945
1 847
1 706
2 1609
2 1572
1 547
1 613
2 838
2 838
2 838
2 533
1 552
2 852
2 830
2 2439
1 942
2 828
1 884
2 834
1 789
1 935
1 368
2 827
0
18
1 0 27 100
1 1 4 80
1 2 0 100
1 3 8 80
1 4 17 10
1 5 1 80
1 6 11 60
1 8 7 80
1 9 22 10
1 10 14 20
1 11 7 60
1 12 8 60
1 13 14 40
1 14 17 60
1 17 33 100
1 18 23 80
1 23 17 80
1 32 8 100
1 989
1 1075
1 1035
1 1053
1 1045
1 1040
1 850
1 1023
1 1074
1 897
1 910
1 904
1 895
1 817
1 716
2 1619
2 1582
1 602
1 538
2 843
2 843
2 843
2 528
1 557
2 857
2 835
2 2454
1 1047
2 833
1 889
2 839
1 794
1 840
1 473
2 832
0
18
1 0 29 100
1 1 4 80
1 2 0 100
1 3 9 80
1 4 17 10
1 5 10 60
1 7 11 60
1 8 3 80
1 9 12 60
1 10 14 20
1 11 6 60
1 12 13 40
1 13 14 40
1 14 17 60
1 17 23 80
1 18 33 100
1 23 18 80
1 27 0 100
1 1104
1 1000
1 940
1 1058
1 1120
1 985
1 915
1 968
1 999
1 922
1 960
1 914
1 925
1 827
1 726
2 1629
2 1592
1 597
1 523
2 848
2 848
2 848
2 533
1 562
2 862
2 840
2 2469
1 952
2 838
1 994
2 844
1 799
1 845
1 578
2 837
0
18
1 0 2 100
1 1 5 80
1 2 6 80
1 3 8 80
1 4 1 80
1 5 10 60
1 6 11 60
1 7 2 80
1 8 7 80
1 9 22 10
1 10 14 20
1 11 13 40
1 12 9 60
1 13 14 40
1 14 17 60
1 17 23 80
1 23 18 80
1 33 18 100
1 1019
1 1005
1 1045
1 983
1 1045
1 1010
1 940
1 973
1 1004
1 977
1 1010
1 944
1 875
1 837
1 736
2 1639
2 1602
1 582
1 708
2 853
2 853
2 853
2 528
1 567
2 867
2 845
2 2484
1 957
2 843
1 999
2 849
1 804
1 850
1 483
2 842
0
18
1 0 27 100
1 1 27 100
1 2 0 100
1 3 9 80
1 4 1 80
1 5 1 80
1 7 11 60
1 8 3 80
1 9 12 60
1 10 14 20
1 11 6 60
1 12 13 40
1 13 14 40
1 14 17 60
1 17 23 80
1 18 23 80
1 23 33 100
1 29 3 100
1 1034
1 1070
1 950
1 1088
1 970
1 935
1 1005
1 918
1 929
1 1002
1 1000
1 954
1 905
1 847
1 746
2 1649
2 1612
1 567
1 633
2 858
2 858
2 858
2 533
1 632
2 872
2 850
2 2499
1 1162
2 848
1 904
2 854
1 809
1 855
1 588
2 847
0
18
1 0 2 100
1 1 4 80
1 2 7 80
1 3 8 80
1 4 17 10
1 5 31 100
1 6 2 80
1 8 7 80
1 9 12 60
1 10 4 60
1 11 7 60
1 12 13 40
1 13 14 40
1 14 17 60
1 18 23 80
1 23 17 80
1 27 0 100
1 33 17 100
1 1049
1 995
1 1055
1 1013
1 1105
1 840
1 930
1 1143
1 934
1 947
1 950
1 904
1 935
1 857
1 736
2 1659
2 1622
1 822
1 558
2 863
2 863
2 863
2 538
1 637
2 877
2 855
2 2514
1 1067
2 853
1 909
2 859
1 914
1 860
1 493
2 852
0
19
1 0 29 100
1 1 5 80
1 2 0 100
1 3 8 80
1 4 1 80
1 6 5 80
1 7 2 80
1 8 32 100
1 9 12 60
1 10 5 60
1 11 13 40
1 12 8 60
1 13 14 40
1 14 18 60
1 17 14 60
1 18 33 100
1 23 18 80
1 27 0 100
1 31 5 100
1 1164
1 1000
1 1040
1 938
1 1030
1 1165
1 855
1 1068
1 979
1 892
1 900
1 874
1 945
1 867
1 786
2 1669
2 1632
1 767
1 603
2 868
2 868
2 868
2 543
1 562
2 882
2 860
2 2529
1 972
2 858
1 1014
2 864
1 819
1 965
1 598
2 857
0
19
1 0 2 100
1 1 27 100
1 2 6 80
1 3 9 80
1 4 1 80
1 5 1 80
1 7 2 80
1 8 3 80
1 9 22 10
1 10 14 20
1 11 6 60
1 12 9 60
1 13 14 40
1 14 17 60
1 17 23 80
1 18 23 80
1 29 3 100
1 32 3 100
1 33 23 100
1 1079
1 1065
1 1145
1 1143
1 955
1 1090
1 1000
1 993
1 904
1 1027
1 890
1 824
1 895
1 837
1 796
2 1679
2 1642
1 752
1 528
2 873
2 873
2 873
2 538
1 827
2 887
2 865
2 2544
1 1077
2 863
1 919
2 869
1 824
1 870
1 503
2 862
0
18
1 0 27 100
1 1 4 80
1 2 0 100
1 3 8 80
1 4 17 10
1 5 1 80
1 6 11 60
1 7 8 80
1 8 12 60
1 9 12 60
1 10 14 20
1 12 13 40
1 13 11 40
1 14 17 60
1 17 33 100
1 18 33 100
1 23 17 80
1 27 1 100
1 1094
1 1170
1 1050
1 1068
1 1030
1 1015
1 945
1 918
1 1009
1 972
1 880
1 934
1 985
1 847
1 766
2 1689
2 1652
1 807
1 433
2 878
2 878
2 878
2 543
1 752
2 892
2 870
2 2559
1 1082
2 868
1 924
2 874
1 829
1 875
1 708
2 867
0
17
1 0 2 100
1 1 4 80
1 2 6 80
1 3 8 80
1 4 17 10
1 5 10 60
1 6 11 60
1 8 7 80
1 9 22 10
1 10 14 20
1 11 7 60
1 12 9 60
1 13 14 40
1 14 18 60
1 17 14 60
1 23 18 80
1 33 18 100
1 1009
1 1095
1 1075
1 993
1 1105
1 960
1 970
1 1063
1 1014
1 1027
1 930
1 944
1 935
1 817
1 836
2 1699
2 1662
1 762
1 678
2 883
2 883
2 883
2 538
1 677
2 897
2 875
2 2574
1 1087
2 873
1 929
2 879
1 834
1 880
1 613
2 872
0
18
1 0 29 100
1 1 5 80
1 2 0 100
1 3 29 100
1 4 1 80
1 5 10 60
1 6 5 80
1 7 8 80
1 8 3 80
1 9 3 80
1 10 14 20
1 11 13 40
1 12 13 40
1 14 13 40
1 17 23 80
1 18 23 80
1 23 33 100
1 27 0 100
1 1124
1 1100
1 980
1 1058
1 1030
1 1065
1 895
1 988
1 1019
1 952
1 980
1 914
1 905
1 947
1 826
2 1709
2 1672
1 687
1 603
2 888
2 888
2 888
2 543
1 742
2 902
2 880
2 2589
1 992
2 878
1 1134
2 884
1 839
1 885
1 718
2 877
0
17
1 0 2 100
1 1 4 80
1 2 6 80
1 3 8 80
1 4 17 10
1 5 10 60
1 7 2 80
1 8 7 80
1 9 12 60
1 10 14 20
1 11 6 60
1 12 32 100
1 13 11 40
1 14 17 60
1 23 17 80
1 29 0 100
1 33 17 100
1 1139
1 1025
1 1085
1 983
1 1105
1 1010
1 1040
1 993
1 1024
1 897
1 1030
1 904
1 875
1 917
1 796
2 1719
2 1682
1 942
1 608
2 893
2 893
2 893
2 548
1 667
2 907
2 885
2 2604
1 997
2 883
1 1039
2 889
1 844
1 990
1 623
2 882
0
18
1 0 2 100
1 1 5 80
1 2 6 80
1 3 9 80
1 4 1 80
1 5 31 100
1 6 5 80
1 7 11 60
1 8 3 80
1 9 12 60
1 10 5 60
1 13 11 40
1 14 18 60
1 17 14 60
1 23 18 80
1 29 3 100
1 32 3 100
1 33 18 100
1 1054
1 1030
1 1110
1 1188
1 1030
1 1135
1 1045
1 938
1 949
1 922
1 980
1 1014
1 945
1 887
1 806
2 1729
2 1692
1 887
1 853
2 898
2 898
2 898
2 553
1 592
2 912
2 890
2 2619
1 1002
2 888
1 944
2 894
1 949
1 895
1 528
2 887
0
17
1 0 27 100
1 1 27 100
1 2 0 100
1 3 8 80
1 4 17 10
1 5 1 80
1 6 11 60
1 8 7 80
1 9 22 10
1 10 14 20
1 11 7 60
1 12 9 60
1 13 14 40
1 14 33 100
1 17 14 60
1 18 14 60
1 23 33 100
1 1069
1 1015
1 1015
1 1113
1 1025
1 1060
1 990
1 1083
1 954
1 977
1 970
1 1024
1 895
1 857
1 896
2 1739
2 1702
1 842
1 798
2 903
2 903
2 903
2 548
1 497
2 917
2 895
2 2634
1 1207
2 893
1 949
2 899
1 954
1 900
1 733
2 892
0
18
1 0 2 100
1 1 31 100
1 2 6 80
1 3 8 80
1 4 1 80
1 5 1 80
1 7 2 80
1 8 12 60
1 9 12 60
1 10 14 20
1 11 6 60
1 12 13 40
1 14 13 40
1 17 23 80
1 18 23 80
1 27 0 100
1 32 12 100
1 33 23 100
1 1084
1 1080
1 1120
1 1038
1 950
1 985
1 1135
1 1008
1 979
1 922
1 960
1 974
1 1085
1 947
1 886
2 1749
2 1712
1 767
1 723
2 908
2 908
2 908
2 553
1 762
2 922
2 900
2 2649
1 1112
2 898
1 954
2 904
1 1059
1 805
1 638
2 897
0
20
1 0 29 100
1 1 4 80
1 2 0 100
1 3 8 80
1 4 17 10
1 5 10 60
1 6 2 80
1 7 8 80
1 8 32 100
1 9 22 10
1 10 4 60
1 11 13 40
1 12 8 60
1 13 14 40
1 14 17 60
1 17 23 80
1 18 33 100
1 23 18 80
1 27 0 100
1 31 4 100
1 1199
1 1005
1 1105
1 963
1 1185
1 930
1 1060
1 933
1 1104
1 917
1 970
1 944
1 1035
1 957
1 876
2 1759
2 1722
1 762
1 708
2 913
2 913
2 913
2 548
1 767
2 927
2 905
2 2664
1 1017
2 903
1 1059
2 909
1 964
1 910
1 743
2 902
0
19
1 0 2 100
1 1 5 80
1 2 6 80
1 3 9 80
1 4 1 80
1 6 5 80
1 8 3 80
1 9 22 10
1 10 5 60
1 11 7 60
1 12 9 60
1 13 11 40
1 14 17 60
1 17 33 100
1 23 17 80
1 27 1 100
1 29 3 100
1 31 5 100
1 33 18 100
1 1114
1 1110
1 1130
1 1068
1 1110
1 1255
1 1065
1 998
1 1029
1 1052
1 920
1 934
1 985
1 927
1 826
2 1769
2 1732
1 807
1 813
2 918
2 918
2 918
2 543
1 692
2 932
2 910
2 2679
1 922
2 908
1 964
2 914
1 869
1 915
1 748
2 907
0
18
1 0 27 100
1 1 27 100
1 2 0 100
1 3 8 80
1 4 17 10
1 5 1 80
1 6 11 60
1 7 11 60
1 8 7 80
1 9 12 60
1 10 14 20
1 11 13 40
1 12 13 40
1 13 10 40
1 14 17 60
1 17 23 80
1 18 23 80
1 33 23 100
1 1129
1 1095
1 1035
1 993
1 1105
1 1180
1 1010
1 1023
1 1034
1 997
1 950
1 1024
1 1015
1 977
1 796
2 1779
2 1742
1 802
1 738
2 923
2 923
2 923
2 548
1 957
2 937
2 915
2 2694
1 1127
2 913
1 969
2 919
1 874
1 920
1 653
2 912
0
18
1 0 27 100
1 1 27 100
1 2 0 100
1 3 8 80
1 4 17 10
1 5 1 80
1 6 11 60
1 7 11 60
1 8 7 80
1 9 12 60
1 10 14 20
1 11 13 40
1 12 13 40
1 13 10 40
1 14 17 60
1 17 23 80
1 18 23 80
1 33 23 100
1 1129
1 1095
1 1035
1 993
1 1105
1 1180
1 1010
1 1023
1 1034
1 997
1 950
1 1024
1 1015
1 977
1 796
2 1779
2 1742
1 802
1 738
2 923
2 923
2 923
2 548
1 957
2 937
2 915
2 2694
1 1127
2 913
1 969
2 919
1 874
1 920
1 653
2 912
1
