35 3
0.0 0.5 0
0.125 0.125 0
0.125 0.5 0
0.125 0.875 0
0.25 0.0 0
0.25 0.25 0
0.25 0.375 0
0.25 0.625 0
0.25 0.75 0
0.25 1.0 0
0.375 0.125 0
0.375 0.5 0
0.375 0.875 0
0.5 0.5 1
0.625 0.125 0
0.625 0.5 0
0.625 0.875 0
0.75 0.0 0
0.75 0.25 0
0.75 0.375 0
0.75 0.625 0
0.75 0.75 0
0.75 1.0 0
0.875 0.125 0
0.875 0.5 0
0.875 0.875 0
1.0 0.5 0
0.0625 0.3125 0
0.9375 0.6875 0
0.0625 0.6875 0
0.9375 0.3125 0
0.25 0.125 1
0.25 0.875 1
0.75 0.125 1
0.75 0.875 1
0 0 100 0 0 0 0 0 0 0 0 0 0 0 0 0 0 0 0 0 0 0 0 0 0 0 0 100 0 100 0 0 0 0 0
0 0 0 0 80 80 0 0 0 0 0 0 0 0 0 0 0 0 0 0 0 0 0 0 0 0 0 100 0 0 0 100 0 0 0
100 0 0 0 0 0 80 80 0 0 0 0 0 0 0 0 0 0 0 0 0 0 0 0 0 0 0 0 0 0 0 0 0 0 0
0 0 0 0 0 0 0 0 80 80 0 0 0 0 0 0 0 0 0 0 0 0 0 0 0 0 0 0 0 100 0 0 100 0 0
0 80 0 0 0 0 0 0 0 0 60 0 0 0 0 0 0 10 0 0 0 0 0 0 0 0 0 0 0 0 0 100 0 0 0
0 80 0 0 0 0 80 0 0 0 60 0 0 0 0 0 0 0 0 0 0 0 0 0 0 0 0 0 0 0 0 100 0 0 0
0 0 80 0 0 80 0 0 0 0 0 60 0 0 0 0 0 0 0 0 0 0 0 0 0 0 0 0 0 0 0 0 0 0 0
0 0 80 0 0 0 0 0 80 0 0 60 0 0 0 0 0 0 0 0 0 0 0 0 0 0 0 0 0 0 0 0 0 0 0
0 0 0 80 0 0 0 80 0 0 0 0 60 0 0 0 0 0 0 0 0 0 0 0 0 0 0 0 0 0 0 0 100 0 0
0 0 0 80 0 0 0 0 0 0 0 0 60 0 0 0 0 0 0 0 0 0 10 0 0 0 0 0 0 0 0 0 100 0 0
0 0 0 0 60 60 0 0 0 0 0 0 0 40 20 0 0 0 0 0 0 0 0 0 0 0 0 0 0 0 0 100 0 0 0
0 0 0 0 0 0 60 60 0 0 0 0 0 40 0 0 0 0 0 0 0 0 0 0 0 0 0 0 0 0 0 0 0 0 0
0 0 0 0 0 0 0 0 60 60 0 0 0 40 0 0 20 0 0 0 0 0 0 0 0 0 0 0 0 0 0 0 100 0 0
0 0 0 0 0 0 0 0 0 0 40 40 40 0 40 40 40 0 0 0 0 0 0 0 0 0 0 0 0 0 0 0 0 0 0
0 0 0 0 0 0 0 0 0 0 20 0 0 40 0 0 0 60 60 0 0 0 0 0 0 0 0 0 0 0 0 0 0 100 0
0 0 0 0 0 0 0 0 0 0 0 0 0 40 0 0 0 0 0 60 60 0 0 0 0 0 0 0 0 0 0 0 0 0 0
0 0 0 0 0 0 0 0 0 0 0 0 20 40 0 0 0 0 0 0 0 60 60 0 0 0 0 0 0 0 0 0 0 0 100
0 0 0 0 10 0 0 0 0 0 0 0 0 0 60 0 0 0 0 0 0 0 0 80 0 0 0 0 0 0 0 0 0 100 0
0 0 0 0 0 0 0 0 0 0 0 0 0 0 60 0 0 0 0 80 0 0 0 80 0 0 0 0 0 0 0 0 0 100 0
0 0 0 0 0 0 0 0 0 0 0 0 0 0 0 60 0 0 80 0 0 0 0 0 80 0 0 0 0 0 0 0 0 0 0
0 0 0 0 0 0 0 0 0 0 0 0 0 0 0 60 0 0 0 0 0 80 0 0 80 0 0 0 0 0 0 0 0 0 0
0 0 0 0 0 0 0 0 0 0 0 0 0 0 0 0 60 0 0 0 80 0 0 0 0 80 0 0 0 0 0 0 0 0 100
0 0 0 0 0 0 0 0 0 10 0 0 0 0 0 0 60 0 0 0 0 0 0 0 0 80 0 0 0 0 0 0 0 0 100
0 0 0 0 0 0 0 0 0 0 0 0 0 0 0 0 0 80 80 0 0 0 0 0 0 0 0 0 0 0 100 0 0 100 0
0 0 0 0 0 0 0 0 0 0 0 0 0 0 0 0 0 0 0 80 80 0 0 0 0 0 100 0 0 0 0 0 0 0 0
0 0 0 0 0 0 0 0 0 0 0 0 0 0 0 0 0 0 0 0 0 80 80 0 0 0 0 0 100 0 0 0 0 0 100
0 0 0 0 0 0 0 0 0 0 0 0 0 0 0 0 0 0 0 0 0 0 0 0 100 0 0 0 100 0 100 0 0 0 0
100 100 0 0 0 0 0 0 0 0 0 0 0 0 0 0 0 0 0 0 0 0 0 0 0 0 0 0 0 0 0 0 0 0 0
0 0 0 0 0 0 0 0 0 0 0 0 0 0 0 0 0 0 0 0 0 0 0 0 0 100 100 0 0 0 0 0 0 0 0
100 0 0 100 0 0 0 0 0 0 0 0 0 0 0 0 0 0 0 0 0 0 0 0 0 0 0 0 0 0 0 0 0 0 0
0 0 0 0 0 0 0 0 0 0 0 0 0 0 0 0 0 0 0 0 0 0 0 100 0 0 100 0 0 0 0 0 0 0 0
0 100 0 0 100 100 0 0 0 0 100 0 0 0 0 0 0 0 0 0 0 0 0 0 0 0 0 0 0 0 0 0 0 0 0
0 0 0 100 0 0 0 0 100 100 0 0 100 0 0 0 0 0 0 0 0 0 0 0 0 0 0 0 0 0 0 0 0 0 0
0 0 0 0 0 0 0 0 0 0 0 0 0 0 100 0 0 100 100 0 0 0 0 100 0 0 0 0 0 0 0 0 0 0 0
0 0 0 0 0 0 0 0 0 0 0 0 0 0 0 0 100 0 0 0 0 100 100 0 0 100 0 0 0 0 0 0 0 0 0
0
1 20
0 5
0 5
0 5
0 10
0 10
0 10
0 10
0 10
0 10
0 10
0 10
0 10
0 40
0 10
0 10
0 10
0 10
0 10
0 10
0 10
0 10
0 10
0 5
0 5
0 5
2 20
0 5
0 5
0 5
0 5
0 5
0 5
0 5
0 5
0
0
1 35
0 5
0 5
0 5
0 10
0 10
0 10
0 10
0 10
0 10
0 10
0 10
0 10
0 40
0 10
0 10
0 10
0 10
0 10
0 10
0 10
0 10
0 10
0 5
0 5
0 5
2 35
0 5
0 5
0 5
0 5
0 5
0 5
0 5
0 5
0
2
1 0 27 30
2 26 24 34
1 20
0 5
0 5
0 5
0 10
0 10
0 10
0 10
0 10
0 10
0 10
0 10
0 10
0 40
0 10
0 10
0 10
0 10
0 10
0 10
0 10
0 10
0 10
0 5
2 34
0 5
2 16
1 30
0 5
0 5
0 5
0 5
0 5
0 5
0 5
0
1
1 0 27 20
1 15
0 5
0 5
0 5
0 10
0 10
0 10
0 10
0 10
0 10
0 10
0 10
0 10
0 40
0 10
0 10
0 10
0 10
0 10
0 10
0 10
0 10
0 10
0 5
2 39
0 5
2 31
1 55
0 5
0 5
0 5
0 5
0 5
0 5
0 5
0
4
2 24 19 22
2 24 20 16
2 26 28 21
2 26 30 9
1 30
0 5
0 5
0 5
0 10
0 10
0 10
0 10
0 10
0 10
0 10
0 10
0 10
0 40
0 10
0 10
0 10
0 10
0 10
2 17
2 11
0 10
0 10
0 5
2 6
0 5
2 16
1 60
2 21
0 5
2 9
0 5
0 5
0 5
0 5
0
8
2 19 15 16
2 20 15 10
2 24 19 1
2 24 20 4
2 26 28 5
2 26 30 10
2 28 25 20
2 30 23 8
1 45
0 5
0 5
0 5
0 10
0 10
0 10
0 10
0 10
0 10
0 10
0 10
0 10
0 40
0 10
2 15
0 10
0 10
0 10
2 5
2 8
0 10
0 10
2 6
2 4
2 18
2 9
1 65
2 9
0 5
2 14
0 5
0 5
0 5
0 5
0
13
2 15 19 4
2 15 20 9
2 19 15 4
2 20 15 7
2 23 30 2
2 23 33 1
2 24 20 3
2 25 34 17
2 26 24 2
2 26 28 5
2 26 30 1
2 28 25 8
2 30 23 13
1 60
0 5
0 5
0 5
0 10
0 10
0 10
0 10
0 10
0 10
0 10
0 10
0 10
0 40
0 10
2 23
0 10
0 10
0 10
2 10
2 18
0 10
0 10
2 21
2 8
2 14
2 16
1 70
2 11
0 5
2 9
0 5
0 5
0 4
2 17
0
18
2 15 19 7
2 15 20 14
2 19 15 9
2 20 21 17
2 23 33 20
2 24 19 4
2 24 20 2
2 25 21 9
2 25 22 4
2 26 24 7
2 26 28 2
2 26 30 6
2 28 25 10
2 30 23 8
2 34 21 25
2 34 22 25
2 34 16 17
2 34 25 17
1 75
0 5
0 5
0 5
0 10
0 10
0 10
0 10
0 10
0 10
0 10
0 10
0 10
0 40
0 10
2 31
2 27
0 10
0 10
2 22
2 27
2 51
2 20
2 19
2 19
2 38
2 31
2 80
2 13
0 5
2 17
0 5
0 5
2 26
2 11
0
24
2 15 19 10
2 15 20 19
2 16 12 20
2 19 18 21
2 20 15 26
2 21 16 50
2 22 16 19
2 23 17 7
2 23 18 11
2 24 19 2
2 24 20 16
2 25 21 35
2 25 34 1
2 26 24 8
2 26 30 22
2 27 1 79
2 28 25 12
2 30 23 16
2 33 17 42
2 33 18 35
2 34 16 8
2 34 22 2
2 33 14 26
2 33 23 26
1 90
2 74
0 5
0 5
0 10
2 10
0 10
0 10
0 10
0 10
0 10
0 10
2 10
0 40
2 16
2 28
2 84
2 10
2 57
2 13
2 36
2 36
2 3
2 43
2 9
2 14
2 1
2 1
2 1
0 5
2 23
0 5
0 5
2 1
2 2
0
32
2 1 4 67
2 1 31 6
2 5 10 6
2 5 31 3
2 12 13 2
2 12 32 6
2 14 10 13
2 14 13 2
2 15 13 27
2 16 12 20
2 16 13 40
2 16 21 12
2 16 22 4
2 16 34 1
2 17 4 5
2 17 14 4
2 18 14 56
2 19 15 12
2 20 15 35
2 21 20 1
2 21 25 3
2 21 34 30
2 22 25 1
2 23 17 2
2 23 18 21
2 23 33 18
2 24 19 7
2 24 20 1
2 25 21 4
2 25 22 2
2 25 34 5
2 30 23 22
1 105
2 1
0 5
0 5
2 10
2 1
0 10
0 10
0 10
0 10
2 10
0 10
2 22
2 40
2 61
2 48
2 7
2 3
2 22
2 8
2 3
2 18
2 8
2 24
2 1
2 7
2 1
2 1
2 1
0 5
2 1
2 5
2 1
2 19
2 38
0
43
1 0 2 100
2 4 1 4
2 4 10 3
2 4 31 2
2 10 5 6
2 10 13 2
2 10 31 1
2 12 9 21
2 13 11 78
2 13 12 41
2 14 10 20
2 14 13 33
2 15 13 40
2 16 13 3
2 16 22 3
2 17 14 1
2 18 14 21
2 19 15 5
2 19 18 1
2 20 15 2
2 21 16 11
2 21 25 4
2 21 34 2
2 22 9 7
2 23 17 16
2 23 18 3
2 23 33 4
2 25 22 3
2 25 34 2
2 31 4 6
2 31 5 7
2 33 14 18
2 34 22 37
2 13 10 40
2 13 14 40
2 13 15 40
2 13 16 40
2 31 1 5
2 31 10 5
2 32 3 1
2 32 8 1
2 32 9 1
2 32 12 1
1 20
2 20
1 100
0 4
2 17
2 24
0 10
0 10
0 9
2 29
2 89
2 88
2 63
2 99
2 108
2 75
2 72
2 28
2 15
2 12
2 11
2 11
2 54
2 11
2 11
2 16
2 31
2 11
2 11
0 5
2 11
2 15
2 11
2 15
2 15
0
54
1 2 0 100
2 1 5 12
2 1 27 5
2 1 31 2
2 4 1 4
2 4 10 12
2 5 6 23
2 9 3 28
2 10 5 60
2 10 13 1
2 10 31 1
2 11 6 27
2 11 7 60
2 12 8 60
2 12 9 1
2 13 10 29
2 13 11 40
2 13 12 17
2 13 16 10
2 14 10 20
2 14 13 40
2 15 13 40
2 16 12 10
2 16 13 25
2 16 22 33
2 16 34 1
2 17 4 8
2 17 14 19
2 18 14 13
2 19 15 11
2 20 15 1
2 20 21 8
2 21 16 8
2 21 25 1
2 22 9 10
2 22 16 32
2 23 18 4
2 23 33 6
2 24 19 9
2 24 20 1
2 25 22 14
2 26 28 30
2 27 1 10
2 28 25 10
2 30 23 1
2 30 26 9
2 31 1 3
2 31 5 10
2 32 3 7
2 32 8 3
2 33 14 12
2 33 17 1
2 34 16 7
2 34 22 6
1 135
2 21
1 5
2 7
2 12
2 86
2 13
2 53
2 12
2 15
2 93
2 46
2 34
2 114
2 97
2 52
2 65
2 5
2 9
2 13
2 6
2 13
2 68
2 5
2 4
2 16
2 18
2 9
2 34
2 8
2 4
2 8
2 4
2 11
2 6
0
57
1 0 2 100
2 1 27 20
2 3 8 1
2 3 29 5
2 4 1 9
2 4 10 1
2 5 1 5
2 5 6 80
2 6 2 10
2 6 5 2
2 7 2 52
2 8 7 11
2 9 3 14
2 10 4 8
2 10 5 60
2 10 13 21
2 10 31 2
2 11 6 37
2 11 7 8
2 12 8 33
2 13 10 20
2 13 11 40
2 13 12 32
2 14 10 20
2 14 13 40
2 14 17 10
2 15 13 40
2 15 19 1
2 16 12 20
2 16 13 40
2 17 14 1
2 17 23 2
2 18 14 7
2 19 15 12
2 20 15 5
2 21 16 8
2 21 34 3
2 22 9 10
2 22 16 36
2 23 17 4
2 24 20 2
2 25 21 3
2 25 22 12
2 26 24 8
2 26 28 9
2 27 1 8
2 28 25 33
2 29 3 7
2 30 23 3
2 31 1 6
2 32 8 1
2 32 12 1
2 33 14 7
2 33 23 2
2 34 16 1
2 34 22 1
2 34 25 3
1 50
2 34
1 48
2 27
2 15
2 68
2 123
2 25
2 41
2 16
2 53
2 51
2 64
2 173
2 52
2 38
2 60
2 21
2 7
2 7
2 8
2 10
2 40
2 13
2 15
2 42
2 16
2 26
2 15
2 11
2 6
2 9
2 7
2 7
2 9
0
62
2 1 27 33
2 3 29 26
2 4 1 13
2 4 31 1
2 5 6 67
2 6 2 80
2 7 2 23
2 8 7 40
2 9 3 9
2 9 12 1
2 9 32 5
2 10 4 1
2 10 5 50
2 11 6 50
2 12 8 60
2 13 10 40
2 13 11 40
2 13 12 34
2 14 10 20
2 14 13 31
2 15 13 37
2 16 12 18
2 16 13 39
2 16 22 1
2 17 4 10
2 17 14 2
2 18 14 1
2 18 23 1
2 18 19 1
2 18 33 2
2 19 15 2
2 19 18 3
2 20 15 7
2 21 16 3
2 21 20 3
2 21 34 2
2 22 9 10
2 22 16 10
2 23 17 2
2 23 30 2
2 23 33 7
2 24 19 7
2 24 20 7
2 25 22 41
2 26 28 5
2 26 30 10
2 27 0 3
2 27 1 22
2 28 25 14
2 29 3 10
2 30 23 5
2 31 1 3
2 31 5 4
2 32 8 4
2 32 12 1
2 33 14 1
2 33 17 2
2 33 18 1
2 33 23 2
2 34 16 1
2 34 22 6
2 34 25 1
1 62
2 44
2 53
2 25
2 17
2 60
2 165
2 47
2 70
2 16
2 72
2 51
2 68
2 176
2 15
2 20
2 26
2 18
2 11
2 15
2 16
2 7
2 73
2 15
2 6
2 21
2 16
2 39
2 11
2 32
2 18
2 8
2 12
2 15
2 8
0
65
2 1 27 43
2 2 0 52
2 3 29 23
2 4 1 15
2 4 31 1
2 5 1 11
2 5 6 48
2 6 2 80
2 7 2 45
2 7 11 1
2 8 3 44
2 8 7 25
2 9 3 14
2 10 4 4
2 10 5 36
2 10 31 30
2 11 6 36
2 11 7 14
2 12 8 24
2 12 9 22
2 12 32 21
2 13 10 40
2 13 11 40
2 13 12 25
2 14 13 8
2 14 17 3
2 14 33 2
2 15 13 19
2 16 12 4
2 16 13 7
2 16 22 13
2 17 4 10
2 18 14 3
2 18 23 4
2 18 19 2
2 19 15 5
2 19 18 9
2 20 15 8
2 20 21 7
2 21 20 1
2 21 25 3
2 21 34 1
2 22 9 10
2 23 17 6
2 23 18 3
2 23 33 4
2 24 19 2
2 24 26 2
2 25 22 19
2 26 24 1
2 26 28 4
2 26 30 10
2 27 0 38
2 28 25 10
2 29 0 31
2 30 23 17
2 31 1 4
2 31 4 1
2 31 5 1
2 32 3 7
2 32 9 3
2 33 17 14
2 34 16 3
2 34 22 2
2 34 25 1
2 74
2 36
2 131
2 72
2 21
2 43
2 174
2 45
2 30
2 42
2 52
2 52
2 40
2 115
2 15
2 24
2 15
2 36
2 19
2 10
2 7
2 14
2 102
2 28
2 8
2 21
2 18
2 49
2 10
2 29
2 16
2 38
2 28
2 12
2 8
2
