35 3
0.0 0.5 0
0.125 0.125 0
0.125 0.5 0
0.125 0.875 0
0.25 0.0 0
0.25 0.25 0
0.25 0.375 0
0.25 0.625 0
0.25 0.75 0
0.25 1.0 0
0.375 0.125 0
0.375 0.5 0
0.375 0.875 0
0.5 0.5 1
0.625 0.125 0
0.625 0.5 0
0.625 0.875 0
0.75 0.0 0
0.75 0.25 0
0.75 0.375 0
0.75 0.625 0
0.75 0.75 0
0.75 1.0 0
0.875 0.125 0
0.875 0.5 0
0.875 0.875 0
1.0 0.5 0
0.0625 0.3125 0
0.9375 0.6875 0
0.0625 0.6875 0
0.9375 0.3125 0
0.25 0.125 1
0.25 0.875 1
0.75 0.125 1
0.75 0.875 1
0 0 100 0 0 0 0 0 0 0 0 0 0 0 0 0 0 0 0 0 0 0 0 0 0 0 0 100 0 100 0 0 0 0 0
0 0 0 0 80 80 0 0 0 0 0 0 0 0 0 0 0 0 0 0 0 0 0 0 0 0 0 100 0 0 0 100 0 0 0
100 0 0 0 0 0 80 80 0 0 0 0 0 0 0 0 0 0 0 0 0 0 0 0 0 0 0 0 0 0 0 0 0 0 0
0 0 0 0 0 0 0 0 80 80 0 0 0 0 0 0 0 0 0 0 0 0 0 0 0 0 0 0 0 100 0 0 100 0 0
0 80 0 0 0 0 0 0 0 0 60 0 0 0 0 0 0 10 0 0 0 0 0 0 0 0 0 0 0 0 0 100 0 0 0
0 80 0 0 0 0 80 0 0 0 60 0 0 0 0 0 0 0 0 0 0 0 0 0 0 0 0 0 0 0 0 100 0 0 0
0 0 80 0 0 80 0 0 0 0 0 60 0 0 0 0 0 0 0 0 0 0 0 0 0 0 0 0 0 0 0 0 0 0 0
0 0 80 0 0 0 0 0 80 0 0 60 0 0 0 0 0 0 0 0 0 0 0 0 0 0 0 0 0 0 0 0 0 0 0
0 0 0 80 0 0 0 80 0 0 0 0 60 0 0 0 0 0 0 0 0 0 0 0 0 0 0 0 0 0 0 0 100 0 0
0 0 0 80 0 0 0 0 0 0 0 0 60 0 0 0 0 0 0 0 0 0 10 0 0 0 0 0 0 0 0 0 100 0 0
0 0 0 0 60 60 0 0 0 0 0 0 0 40 20 0 0 0 0 0 0 0 0 0 0 0 0 0 0 0 0 100 0 0 0
0 0 0 0 0 0 60 60 0 0 0 0 0 40 0 0 0 0 0 0 0 0 0 0 0 0 0 0 0 0 0 0 0 0 0
0 0 0 0 0 0 0 0 60 60 0 0 0 40 0 0 20 0 0 0 0 0 0 0 0 0 0 0 0 0 0 0 100 0 0
0 0 0 0 0 0 0 0 0 0 40 40 40 0 40 40 40 0 0 0 0 0 0 0 0 0 0 0 0 0 0 0 0 0 0
0 0 0 0 0 0 0 0 0 0 20 0 0 40 0 0 0 60 60 0 0 0 0 0 0 0 0 0 0 0 0 0 0 100 0
0 0 0 0 0 0 0 0 0 0 0 0 0 40 0 0 0 0 0 60 60 0 0 0 0 0 0 0 0 0 0 0 0 0 0
0 0 0 0 0 0 0 0 0 0 0 0 20 40 0 0 0 0 0 0 0 60 60 0 0 0 0 0 0 0 0 0 0 0 100
0 0 0 0 10 0 0 0 0 0 0 0 0 0 60 0 0 0 0 0 0 0 0 80 0 0 0 0 0 0 0 0 0 100 0
0 0 0 0 0 0 0 0 0 0 0 0 0 0 60 0 0 0 0 80 0 0 0 80 0 0 0 0 0 0 0 0 0 100 0
0 0 0 0 0 0 0 0 0 0 0 0 0 0 0 60 0 0 80 0 0 0 0 0 80 0 0 0 0 0 0 0 0 0 0
0 0 0 0 0 0 0 0 0 0 0 0 0 0 0 60 0 0 0 0 0 80 0 0 80 0 0 0 0 0 0 0 0 0 0
0 0 0 0 0 0 0 0 0 0 0 0 0 0 0 0 60 0 0 0 80 0 0 0 0 80 0 0 0 0 0 0 0 0 100
0 0 0 0 0 0 0 0 0 10 0 0 0 0 0 0 60 0 0 0 0 0 0 0 0 80 0 0 0 0 0 0 0 0 100
0 0 0 0 0 0 0 0 0 0 0 0 0 0 0 0 0 80 80 0 0 0 0 0 0 0 0 0 0 0 100 0 0 100 0
0 0 0 0 0 0 0 0 0 0 0 0 0 0 0 0 0 0 0 80 80 0 0 0 0 0 100 0 0 0 0 0 0 0 0
0 0 0 0 0 0 0 0 0 0 0 0 0 0 0 0 0 0 0 0 0 80 80 0 0 0 0 0 100 0 0 0 0 0 100
0 0 0 0 0 0 0 0 0 0 0 0 0 0 0 0 0 0 0 0 0 0 0 0 100 0 0 0 100 0 100 0 0 0 0
100 100 0 0 0 0 0 0 0 0 0 0 0 0 0 0 0 0 0 0 0 0 0 0 0 0 0 0 0 0 0 0 0 0 0
0 0 0 0 0 0 0 0 0 0 0 0 0 0 0 0 0 0 0 0 0 0 0 0 0 100 100 0 0 0 0 0 0 0 0
100 0 0 100 0 0 0 0 0 0 0 0 0 0 0 0 0 0 0 0 0 0 0 0 0 0 0 0 0 0 0 0 0 0 0
0 0 0 0 0 0 0 0 0 0 0 0 0 0 0 0 0 0 0 0 0 0 0 100 0 0 100 0 0 0 0 0 0 0 0
0 100 0 0 100 100 0 0 0 0 100 0 0 0 0 0 0 0 0 0 0 0 0 0 0 0 0 0 0 0 0 0 0 0 0
0 0 0 100 0 0 0 0 100 100 0 0 100 0 0 0 0 0 0 0 0 0 0 0 0 0 0 0 0 0 0 0 0 0 0
0 0 0 0 0 0 0 0 0 0 0 0 0 0 100 0 0 100 100 0 0 0 0 100 0 0 0 0 0 0 0 0 0 0 0
0 0 0 0 0 0 0 0 0 0 0 0 0 0 0 0 100 0 0 0 0 100 100 0 0 100 0 0 0 0 0 0 0 0 0
0
1 20
0 5
0 5
0 5
0 10
0 10
0 10
0 10
0 10
0 10
0 10
0 10
0 10
0 40
0 10
0 10
0 10
0 10
0 10
0 10
0 10
0 10
0 10
0 5
0 5
0 5
2 20
0 5
0 5
0 5
0 5
0 5
0 5
0 5
0 5
0
0
1 35
0 5
0 5
0 5
0 10
0 10
0 10
0 10
0 10
0 10
0 10
0 10
0 10
0 40
0 10
0 10
0 10
0 10
0 10
0 10
0 10
0 10
0 10
0 5
0 5
0 5
2 35
0 5
0 5
0 5
0 5
0 5
0 5
0 5
0 5
0
3
2 26 24 12
2 26 28 12
1 0 27 33
1 17
0 5
0 5
0 5
0 10
0 10
0 10
0 10
0 10
0 10
0 10
0 10
0 10
0 40
0 10
0 10
0 10
0 10
0 10
0 10
0 10
0 10
0 10
0 5
2 12
0 5
2 26
1 33
2 12
0 5
0 5
0 5
0 5
0 5
0 5
0
4
2 24 19 11
2 24 20 1
2 26 30 6
2 28 25 6
1 32
0 5
0 5
0 5
0 10
0 10
0 10
0 10
0 10
0 10
0 10
0 10
0 10
0 40
0 10
0 10
0 10
0 10
0 10
2 1
0 9
0 10
0 10
0 5
2 0
2 1
2 20
1 38
2 6
0 5
2 1
0 5
0 5
0 5
0 5
0
5
2 25 34 1
2 26 28 20
2 19 15 1
2 28 26 6
2 30 23 1
1 47
0 5
0 5
0 5
0 10
0 10
0 10
0 10
0 10
0 10
0 10
0 10
0 10
0 40
0 10
0 9
0 10
0 10
0 10
2 5
0 9
0 10
0 10
0 4
2 5
2 5
2 21
1 43
2 25
0 5
2 5
0 5
0 5
0 5
0 4
0
6
2 25 34 5
2 26 30 21
2 28 25 25
2 19 15 5
2 24 20 5
2 30 23 5
1 62
0 5
0 5
0 5
0 10
0 10
0 10
0 10
0 10
0 10
0 10
0 10
0 10
0 40
0 10
0 4
0 10
0 10
0 10
2 5
0 4
0 10
0 10
2 6
2 5
2 30
2 15
1 48
2 5
0 5
2 26
0 5
0 5
0 5
2 6
0
12
2 23 33 6
2 30 23 26
2 26 28 15
2 34 16 12
2 19 18 5
2 25 21 11
2 25 22 11
2 28 26 5
2 24 20 5
2 34 21 6
2 34 22 6
2 34 25 6
1 77
0 5
0 5
0 5
0 10
0 10
0 10
0 10
0 10
0 10
0 10
0 10
0 10
0 40
0 10
0 4
2 12
0 10
0 5
2 5
2 6
2 15
2 15
2 31
2 5
2 19
2 20
2 53
2 20
0 5
2 5
0 5
0 5
2 6
2 5
0
17
2 16 13 12
2 34 21 5
2 27 0 53
2 26 24 20
2 28 26 20
2 25 21 19
2 21 16 15
2 33 14 12
2 22 9 10
2 23 17 11
2 19 15 5
2 24 26 5
2 23 18 6
2 30 23 5
2 33 17 6
2 33 18 6
2 33 23 6
1 39
0 5
0 5
0 5
0 10
0 10
0 10
0 10
0 10
0 0
0 10
0 10
0 10
0 28
2 22
2 21
2 35
2 20
2 15
2 10
2 16
2 34
2 15
2 35
2 30
2 10
2 55
2 10
2 10
2 15
2 10
0 5
0 5
2 10
2 10
0
19
2 22 9 1
2 15 13 21
2 14 13 22
2 33 18 10
2 34 21 10
2 26 30 55
2 27 0 10
2 29 0 15
2 23 33 35
2 21 20 34
2 24 26 30
2 20 24 16
2 18 14 15
2 16 12 11
2 17 4 10
2 19 24 10
2 30 26 10
2 28 26 10
2 25 34 10
1 29
0 5
0 5
0 5
0 0
0 10
0 10
0 10
0 10
2 6
0 10
0 10
2 11
2 38
2 25
2 10
2 34
2 15
2 15
2 5
2 39
2 15
2 19
2 5
2 31
2 5
2 65
2 5
2 5
2 5
2 60
0 5
0 5
2 40
2 15
0
27
2 17 4 1
2 33 14 40
2 34 21 15
2 9 32 6
2 26 28 65
2 30 26 60
2 20 15 39
2 16 34 34
2 27 0 5
2 29 0 5
2 24 19 31
2 22 16 19
2 21 34 15
2 18 33 15
2 14 10 11
2 13 11 49
2 15 20 10
2 12 8 11
2 25 21 5
2 28 26 5
2 19 18 5
2 23 30 5
2 13 10 38
2 13 12 38
2 13 14 38
2 13 15 38
2 13 16 38
2 19
0 5
0 5
0 5
2 1
2 10
0 10
0 10
2 1
2 0
2 10
2 39
2 38
2 27
2 92
2 77
2 57
2 14
2 5
2 31
2 10
2 20
2 0
2 0
2 0
2 0
2 65
2 0
2 65
2 0
2 5
2 5
2 1
2 15
2 49
2
