35 3
0.0 0.5 0
0.125 0.125 0
0.125 0.5 0
0.125 0.875 0
0.25 0.0 0
0.25 0.25 0
0.25 0.375 0
0.25 0.625 0
0.25 0.75 0
0.25 1.0 0
0.375 0.125 0
0.375 0.5 0
0.375 0.875 0
0.5 0.5 1
0.625 0.125 0
0.625 0.5 0
0.625 0.875 0
0.75 0.0 0
0.75 0.25 0
0.75 0.375 0
0.75 0.625 0
0.75 0.75 0
0.75 1.0 0
0.875 0.125 0
0.875 0.5 0
0.875 0.875 0
1.0 0.5 0
0.0625 0.3125 0
0.9375 0.6875 0
0.0625 0.6875 0
0.9375 0.3125 0
0.25 0.125 1
0.25 0.875 1
0.75 0.125 1
0.75 0.875 1
0 0 100 0 0 0 0 0 0 0 0 0 0 0 0 0 0 0 0 0 0 0 0 0 0 0 0 100 0 100 0 0 0 0 0
0 0 0 0 80 80 0 0 0 0 0 0 0 0 0 0 0 0 0 0 0 0 0 0 0 0 0 100 0 0 0 100 0 0 0
100 0 0 0 0 0 80 80 0 0 0 0 0 0 0 0 0 0 0 0 0 0 0 0 0 0 0 0 0 0 0 0 0 0 0
0 0 0 0 0 0 0 0 80 80 0 0 0 0 0 0 0 0 0 0 0 0 0 0 0 0 0 0 0 100 0 0 100 0 0
0 80 0 0 0 0 0 0 0 0 60 0 0 0 0 0 0 10 0 0 0 0 0 0 0 0 0 0 0 0 0 100 0 0 0
0 80 0 0 0 0 80 0 0 0 60 0 0 0 0 0 0 0 0 0 0 0 0 0 0 0 0 0 0 0 0 100 0 0 0
0 0 80 0 0 80 0 0 0 0 0 60 0 0 0 0 0 0 0 0 0 0 0 0 0 0 0 0 0 0 0 0 0 0 0
0 0 80 0 0 0 0 0 80 0 0 60 0 0 0 0 0 0 0 0 0 0 0 0 0 0 0 0 0 0 0 0 0 0 0
0 0 0 80 0 0 0 80 0 0 0 0 60 0 0 0 0 0 0 0 0 0 0 0 0 0 0 0 0 0 0 0 100 0 0
0 0 0 80 0 0 0 0 0 0 0 0 60 0 0 0 0 0 0 0 0 0 10 0 0 0 0 0 0 0 0 0 100 0 0
0 0 0 0 60 60 0 0 0 0 0 0 0 40 20 0 0 0 0 0 0 0 0 0 0 0 0 0 0 0 0 100 0 0 0
0 0 0 0 0 0 60 60 0 0 0 0 0 40 0 0 0 0 0 0 0 0 0 0 0 0 0 0 0 0 0 0 0 0 0
0 0 0 0 0 0 0 0 60 60 0 0 0 40 0 0 20 0 0 0 0 0 0 0 0 0 0 0 0 0 0 0 100 0 0
0 0 0 0 0 0 0 0 0 0 40 40 40 0 40 40 40 0 0 0 0 0 0 0 0 0 0 0 0 0 0 0 0 0 0
0 0 0 0 0 0 0 0 0 0 20 0 0 40 0 0 0 60 60 0 0 0 0 0 0 0 0 0 0 0 0 0 0 100 0
0 0 0 0 0 0 0 0 0 0 0 0 0 40 0 0 0 0 0 60 60 0 0 0 0 0 0 0 0 0 0 0 0 0 0
0 0 0 0 0 0 0 0 0 0 0 0 20 40 0 0 0 0 0 0 0 60 60 0 0 0 0 0 0 0 0 0 0 0 100
0 0 0 0 10 0 0 0 0 0 0 0 0 0 60 0 0 0 0 0 0 0 0 80 0 0 0 0 0 0 0 0 0 100 0
0 0 0 0 0 0 0 0 0 0 0 0 0 0 60 0 0 0 0 80 0 0 0 80 0 0 0 0 0 0 0 0 0 100 0
0 0 0 0 0 0 0 0 0 0 0 0 0 0 0 60 0 0 80 0 0 0 0 0 80 0 0 0 0 0 0 0 0 0 0
0 0 0 0 0 0 0 0 0 0 0 0 0 0 0 60 0 0 0 0 0 80 0 0 80 0 0 0 0 0 0 0 0 0 0
0 0 0 0 0 0 0 0 0 0 0 0 0 0 0 0 60 0 0 0 80 0 0 0 0 80 0 0 0 0 0 0 0 0 100
0 0 0 0 0 0 0 0 0 10 0 0 0 0 0 0 60 0 0 0 0 0 0 0 0 80 0 0 0 0 0 0 0 0 100
0 0 0 0 0 0 0 0 0 0 0 0 0 0 0 0 0 80 80 0 0 0 0 0 0 0 0 0 0 0 100 0 0 100 0
0 0 0 0 0 0 0 0 0 0 0 0 0 0 0 0 0 0 0 80 80 0 0 0 0 0 100 0 0 0 0 0 0 0 0
0 0 0 0 0 0 0 0 0 0 0 0 0 0 0 0 0 0 0 0 0 80 80 0 0 0 0 0 100 0 0 0 0 0 100
0 0 0 0 0 0 0 0 0 0 0 0 0 0 0 0 0 0 0 0 0 0 0 0 100 0 0 0 100 0 100 0 0 0 0
100 100 0 0 0 0 0 0 0 0 0 0 0 0 0 0 0 0 0 0 0 0 0 0 0 0 0 0 0 0 0 0 0 0 0
0 0 0 0 0 0 0 0 0 0 0 0 0 0 0 0 0 0 0 0 0 0 0 0 0 100 100 0 0 0 0 0 0 0 0
100 0 0 100 0 0 0 0 0 0 0 0 0 0 0 0 0 0 0 0 0 0 0 0 0 0 0 0 0 0 0 0 0 0 0
0 0 0 0 0 0 0 0 0 0 0 0 0 0 0 0 0 0 0 0 0 0 0 100 0 0 100 0 0 0 0 0 0 0 0
0 100 0 0 100 100 0 0 0 0 100 0 0 0 0 0 0 0 0 0 0 0 0 0 0 0 0 0 0 0 0 0 0 0 0
0 0 0 100 0 0 0 0 100 100 0 0 100 0 0 0 0 0 0 0 0 0 0 0 0 0 0 0 0 0 0 0 0 0 0
0 0 0 0 0 0 0 0 0 0 0 0 0 0 100 0 0 100 100 0 0 0 0 100 0 0 0 0 0 0 0 0 0 0 0
0 0 0 0 0 0 0 0 0 0 0 0 0 0 0 0 100 0 0 0 0 100 100 0 0 100 0 0 0 0 0 0 0 0 0
0
1 20
0 5
0 5
0 5
0 10
0 10
0 10
0 10
0 10
0 10
0 10
0 10
0 10
0 40
0 10
0 10
0 10
0 10
0 10
0 10
0 10
0 10
0 10
0 5
0 5
0 5
2 20
0 5
0 5
0 5
0 5
0 5
0 5
0 5
0 5
0
0
1 35
0 5
0 5
0 5
0 10
0 10
0 10
0 10
0 10
0 10
0 10
0 10
0 10
0 40
0 10
0 10
0 10
0 10
0 10
0 10
0 10
0 10
0 10
0 5
0 5
0 5
2 35
0 5
0 5
0 5
0 5
0 5
0 5
0 5
0 5
0
3
1 0 2 6
1 0 27 14
1 0 29 14
1 61
0 5
1 21
0 5
0 10
0 10
0 10
0 10
0 10
0 10
0 10
0 10
0 10
0 40
0 10
0 10
0 10
0 10
0 10
0 10
0 10
0 10
0 10
0 5
0 5
0 5
2 50
1 29
0 5
1 29
0 5
0 5
0 5
0 5
0 5
0
0
1 76
0 5
1 26
0 5
0 10
0 10
0 10
0 10
0 10
0 10
0 10
0 10
0 10
0 40
0 10
0 10
0 10
0 10
0 10
0 10
0 10
0 10
0 10
0 5
0 5
0 5
2 65
1 34
0 5
1 34
0 5
0 5
0 5
0 5
0 5
0
6
1 0 2 15
1 0 27 12
1 0 29 48
1 2 6 25
1 27 1 33
1 29 3 33
1 1
1 28
1 16
1 28
0 10
0 10
1 15
0 10
0 10
0 10
0 10
0 10
0 10
0 40
0 10
0 10
0 10
0 10
0 10
0 10
0 10
0 10
0 10
0 5
0 5
0 5
2 80
1 13
0 5
1 49
0 5
0 5
0 5
0 5
0 5
0
0
1 16
1 33
1 21
1 33
0 10
0 10
1 20
0 10
0 10
0 10
0 10
0 10
0 10
0 40
0 10
0 10
0 10
0 10
0 10
0 10
0 10
0 10
0 10
0 5
0 5
0 5
2 95
1 18
0 5
1 54
0 5
0 5
0 5
0 5
0 5
0
10
1 0 2 15
1 1 4 14
1 1 5 12
1 1 31 6
1 2 7 20
1 3 9 25
1 3 32 7
1 6 5 19
1 27 1 17
1 29 3 53
1 31
1 28
1 26
1 64
1 14
1 20
1 11
1 20
0 10
1 25
0 10
0 10
0 10
0 40
0 10
0 10
0 10
0 10
0 10
1 20
0 10
0 10
0 10
0 5
0 5
0 5
2 110
1 11
0 5
1 11
0 5
1 11
1 12
0 5
0 5
0
25
2 26 24 100
1 0 2 9
1 0 29 21
1 1 4 10
1 1 5 17
1 2 7 25
1 3 8 63
1 4 10 13
1 5 10 19
1 6 11 10
1 7 8 7
1 7 11 12
1 9 12 24
1 19 18 13
1 19 24 6
1 27 1 10
1 29 3 10
1 31 4 13
1 31 10 19
1 32 8 15
1 32 12 19
1 31 1 11
1 31 5 11
1 32 3 12
1 32 9 12
1 1
1 22
1 10
1 23
1 24
1 29
1 1
1 26
1 75
1 13
1 41
1 10
1 10
1 40
0 10
0 10
0 10
0 10
1 3
1 1
0 10
0 10
0 10
0 5
2 100
0 5
2 25
1 1
0 5
1 22
0 5
1 1
1 2
0 5
0 5
0
28
2 24 19 80
1 1 4 21
1 2 6 4
1 2 7 5
1 3 9 22
1 4 1 12
1 4 10 1
1 4 31 8
1 5 1 10
1 5 10 10
1 5 31 7
1 7 8 6
1 7 11 19
1 8 3 15
1 8 12 21
1 8 32 37
1 9 3 2
1 9 12 3
1 9 32 5
1 10 4 19
1 10 14 20
1 11 7 1
1 11 13 7
1 12 16 9
1 13 14 24
1 13 16 15
1 29 3 21
1 32 8 1
1 1
1 23
1 1
1 39
1 43
1 2
1 5
1 7
1 9
1 25
1 13
1 21
1 25
1 8
1 10
0 10
1 10
0 10
1 3
2 84
0 10
0 10
0 10
0 5
2 25
0 5
2 40
1 1
0 5
1 1
0 5
1 16
1 43
0 5
0 5
0
27
2 19 15 60
1 1 4 22
1 3 9 38
1 4 17 10
1 5 10 1
1 6 11 4
1 7 8 1
1 7 11 5
1 8 3 1
1 8 12 4
1 8 32 3
1 9 3 6
1 9 12 7
1 9 32 9
1 10 4 6
1 10 13 6
1 11 13 20
1 12 9 13
1 12 13 11
1 13 10 1
1 13 11 2
1 13 12 1
1 14 17 9
1 16 13 9
1 18 19 1
1 31 4 15
1 32 9 42
1 16
1 6
1 6
1 13
1 81
1 6
1 6
1 6
1 7
1 101
1 13
1 22
1 23
1 60
1 11
2 60
1 11
1 15
1 7
2 28
0 10
0 10
0 10
0 5
2 30
0 5
2 55
1 6
0 5
1 6
0 5
1 6
1 18
0 5
0 5
0
36
2 15 13 40
1 0 29 15
1 1 4 4
1 2 6 3
1 2 7 2
1 3 9 11
1 3 32 1
1 4 17 10
1 4 10 41
1 5 1 1
1 5 10 4
1 6 11 5
1 7 11 5
1 8 3 1
1 8 12 5
1 9 22 10
1 10 13 11
1 11 13 21
1 12 9 16
1 12 13 6
1 13 14 40
1 14 13 3
1 14 33 6
1 16 12 1
1 16 13 2
1 16 22 7
1 17 23 13
1 17 33 1
1 18 14 1
1 18 23 1
1 18 33 3
1 27 1 5
1 29 3 5
1 31 4 4
1 31 10 1
1 32 9 16
1 1
1 8
1 1
1 7
1 38
1 1
1 4
1 3
1 1
1 134
1 48
1 11
1 7
1 23
1 43
2 30
1 1
1 11
1 2
2 33
0 10
0 10
1 10
1 5
2 35
0 5
2 70
1 1
0 5
1 16
0 5
1 1
1 3
1 5
0 5
0
4
1 33 14 5
1 33 17 5
1 33 18 5
1 33 23 5
1 16
1 13
1 6
1 12
1 43
1 6
1 9
1 8
1 6
1 139
1 58
1 21
1 17
1 33
1 58
2 40
1 11
1 21
1 12
2 38
0 10
0 10
1 15
1 15
2 40
0 5
2 85
1 6
0 5
1 21
0 5
1 6
1 8
1 10
0 5
0
53
2 15 13 40
1 0 2 8
1 0 29 7
1 1 4 4
1 1 5 5
1 1 31 3
1 2 6 2
1 2 7 3
1 3 9 11
1 4 17 9
1 4 10 33
1 5 10 1
1 5 31 3
1 6 11 8
1 7 11 7
1 8 7 1
1 8 12 2
1 8 32 1
1 9 12 60
1 9 22 10
1 10 14 1
1 10 13 40
1 11 13 20
1 12 13 15
1 12 16 1
1 13 10 7
1 13 11 1
1 13 12 3
1 13 14 12
1 13 16 6
1 14 13 23
1 14 18 33
1 14 33 1
1 16 12 2
1 16 13 1
1 16 34 6
1 17 14 2
1 17 23 17
1 18 23 4
1 18 19 1
1 18 33 4
1 22 25 8
1 22 34 6
1 23 30 14
1 27 1 5
1 29 3 20
1 31 4 1
1 31 10 3
1 32 9 3
1 32 12 4
1 33 17 3
1 33 18 4
1 33 23 2
1 16
1 11
1 14
1 26
1 11
1 12
1 8
1 10
1 7
1 88
1 71
1 27
1 82
1 73
1 26
2 10
1 19
1 19
1 45
2 42
0 10
1 15
1 16
1 29
2 45
1 8
2 100
1 6
0 5
1 13
1 14
1 13
1 7
1 11
1 10
0
68
2 26 24 100
1 0 2 15
1 1 4 7
1 1 5 3
1 2 6 11
1 2 7 2
1 3 8 1
1 3 9 13
1 3 32 11
1 4 10 6
1 4 31 3
1 5 1 1
1 5 10 7
1 5 6 2
1 6 5 1
1 6 11 6
1 7 8 1
1 7 11 8
1 8 3 1
1 8 7 2
1 8 12 2
1 9 12 60
1 9 22 10
1 9 32 8
1 10 14 18
1 10 13 40
1 11 13 26
1 12 13 40
1 12 16 20
1 13 15 40
1 14 13 8
1 14 18 17
1 16 12 1
1 16 13 5
1 16 21 4
1 16 22 6
1 16 34 1
1 17 14 17
1 17 23 1
1 18 14 1
1 18 23 5
1 18 33 36
1 21 16 7
1 21 25 4
1 21 34 1
1 22 9 1
1 22 16 5
1 22 25 5
1 22 34 3
1 23 18 18
1 23 30 10
1 25 21 2
1 25 22 2
1 25 34 2
1 27 1 5
1 29 3 12
1 30 23 13
1 31 5 4
1 31 10 7
1 32 8 1
1 32 9 1
1 32 12 4
1 33 18 5
1 33 23 4
1 34 21 18
1 34 16 10
1 34 22 10
1 34 25 10
1 16
1 12
1 21
1 19
1 14
1 15
1 19
1 10
1 10
1 30
1 43
1 25
1 99
1 162
1 47
1 40
1 54
1 6
1 48
2 47
0 10
1 32
1 35
1 29
2 150
1 26
2 15
1 6
0 5
1 6
1 16
1 10
1 25
1 43
1 14
0
62
2 24 19 80
1 0 2 9
1 0 29 5
1 1 4 3
1 1 5 6
1 1 31 2
1 2 6 14
1 2 7 6
1 3 8 6
1 3 9 5
1 3 29 2
1 3 32 4
1 4 17 7
1 4 10 1
1 4 31 4
1 5 10 14
1 6 11 18
1 7 8 4
1 7 11 5
1 8 3 3
1 8 12 5
1 9 12 15
1 9 22 10
1 10 14 16
1 10 13 25
1 11 13 24
1 12 13 40
1 12 16 20
1 13 14 19
1 13 15 40
1 13 16 40
1 14 18 46
1 15 20 39
1 16 21 53
1 17 14 1
1 17 23 3
1 18 14 2
1 18 23 2
1 18 33 41
1 21 16 1
1 21 20 30
1 22 16 20
1 22 25 8
1 22 34 5
1 23 18 17
1 23 30 9
1 23 33 1
1 25 21 3
1 25 28 22
1 27 1 5
1 29 3 5
1 30 23 15
1 31 4 1
1 31 5 1
1 31 10 7
1 32 9 4
1 32 12 20
1 33 18 41
1 34 16 1
1 34 21 10
1 34 22 1
1 34 25 1
1 10
1 9
1 13
1 13
1 9
1 11
1 18
1 10
1 15
1 17
1 29
1 29
1 84
1 157
1 44
1 46
1 88
1 12
1 110
2 132
1 13
1 70
1 16
1 25
2 75
1 13
2 30
1 4
1 20
1 11
1 13
1 10
1 8
1 47
1 9
0
64
2 19 15 60
1 0 2 8
1 1 4 2
1 1 5 3
1 1 31 3
1 2 6 8
1 2 7 4
1 3 8 7
1 3 32 5
1 4 10 8
1 5 10 3
1 5 31 6
1 6 5 1
1 6 11 16
1 7 8 1
1 7 11 8
1 8 7 2
1 8 12 10
1 8 32 1
1 9 12 10
1 9 22 6
1 10 13 27
1 11 13 28
1 12 8 1
1 12 13 40
1 12 16 20
1 13 14 40
1 13 15 40
1 14 18 43
1 15 13 8
1 15 19 1
1 15 20 35
1 16 12 1
1 16 13 39
1 16 21 46
1 17 14 5
1 17 23 3
1 17 33 3
1 18 14 51
1 18 23 9
1 18 33 47
1 20 15 11
1 21 20 41
1 21 25 27
1 22 25 11
1 22 34 3
1 23 18 18
1 23 30 6
1 25 28 12
1 27 0 1
1 27 1 2
1 28 25 19
1 29 3 10
1 30 23 12
1 31 4 3
1 31 5 1
1 31 10 4
1 32 9 1
1 32 12 5
1 33 18 46
1 34 16 1
1 34 21 3
1 34 22 1
1 34 25 2
1 18
1 8
1 14
1 16
1 11
1 12
1 14
1 12
1 16
1 7
1 27
1 35
1 59
1 229
1 107
2 17
1 33
1 6
1 115
2 76
1 83
1 56
1 14
1 30
2 80
1 65
2 45
1 6
1 18
1 6
1 12
1 16
1 13
1 56
1 10
0
67
2 19 15 60
2 24 19 80
1 0 2 9
1 0 27 4
1 0 29 3
1 1 4 6
1 1 5 1
1 2 6 5
1 2 7 8
1 3 8 10
1 3 9 1
1 3 32 4
1 4 17 1
1 4 10 7
1 4 31 2
1 5 1 1
1 5 10 8
1 5 6 1
1 5 31 1
1 6 11 13
1 7 11 11
1 8 7 5
1 8 12 8
1 9 3 1
1 9 12 3
1 9 32 1
1 10 13 26
1 11 13 34
1 12 13 40
1 12 16 9
1 13 12 40
1 13 15 40
1 14 10 3
1 14 13 40
1 14 18 60
1 16 12 1
1 16 13 30
1 17 4 1
1 17 23 2
1 17 33 2
1 18 33 100
1 20 15 60
1 21 20 55
1 22 9 3
1 22 16 8
1 22 25 2
1 23 18 26
1 23 30 3
1 25 28 64
1 27 1 5
1 28 25 15
1 28 26 2
1 29 3 5
1 30 23 10
1 30 26 1
1 31 4 8
1 31 5 2
1 31 10 4
1 32 3 1
1 32 8 4
1 32 9 3
1 32 12 4
1 33 18 55
1 34 16 3
1 34 21 2
1 34 22 2
1 34 25 1
1 17
1 12
1 15
1 13
1 21
1 9
1 12
1 19
1 22
1 14
1 33
1 35
1 76
1 329
1 14
1 87
1 32
1 7
1 161
2 101
1 83
1 8
1 8
1 18
2 5
1 24
2 57
1 10
1 70
1 9
1 9
1 10
1 11
1 108
1 7
0
9
2 19 15 60
1 15 13 40
1 18 14 53
1 18 23 63
1 18 33 44
1 20 24 53
1 20 21 29
1 28 25 69
1 30 23 8
1 32
1 17
1 20
1 18
1 26
1 14
1 17
1 24
1 27
1 19
1 43
1 45
1 86
1 379
1 77
2 23
1 42
1 12
1 6
2 46
1 6
1 42
1 13
1 94
1 53
1 98
2 72
1 15
1 6
1 14
1 6
1 15
1 16
1 157
1 12
0
60
1 0 2 29
1 0 29 1
1 1 4 3
1 1 5 3
1 1 31 10
1 2 6 3
1 2 7 16
1 3 8 7
1 3 9 5
1 3 32 5
1 4 17 1
1 4 10 24
1 5 10 10
1 5 6 3
1 6 11 16
1 7 11 23
1 8 7 1
1 8 12 23
1 8 32 1
1 9 12 9
1 9 22 5
1 9 32 3
1 10 14 1
1 10 13 40
1 11 13 40
1 12 13 40
1 12 16 20
1 13 15 40
1 14 13 39
1 14 18 36
1 16 13 40
1 17 14 3
1 17 33 8
1 18 14 3
1 18 19 1
1 20 15 5
1 21 20 41
1 22 9 3
1 22 16 4
1 22 25 4
1 23 18 54
1 23 30 39
1 24 20 52
1 25 28 97
1 27 1 14
1 28 25 5
1 29 3 13
1 30 23 2
1 30 26 3
1 31 1 1
1 31 4 7
1 31 10 4
1 32 8 5
1 32 12 9
1 33 14 1
1 33 18 100
1 33 23 16
1 34 16 5
1 34 21 3
1 34 25 3
1 17
1 21
1 35
1 19
1 16
1 9
1 12
1 23
1 19
1 15
1 50
1 54
1 77
1 548
1 20
1 33
1 41
1 7
1 197
2 50
1 99
1 9
1 12
1 24
1 6
1 18
2 84
1 6
1 103
1 7
1 45
1 18
1 16
1 53
1 6
0
76
1 0 2 13
1 0 27 2
1 1 4 4
1 1 5 8
1 1 27 4
1 1 31 4
1 2 6 32
1 2 7 2
1 3 8 10
1 3 32 7
1 4 17 10
1 4 10 3
1 5 10 5
1 5 6 1
1 6 2 3
1 6 5 1
1 6 11 6
1 7 8 8
1 7 11 13
1 8 7 1
1 8 12 10
1 8 32 6
1 9 12 9
1 9 22 5
1 10 14 14
1 10 13 34
1 11 13 40
1 12 8 1
1 12 9 2
1 12 13 40
1 12 16 20
1 13 10 40
1 13 14 40
1 13 15 40
1 14 10 2
1 14 13 4
1 14 17 2
1 14 18 10
1 15 19 32
1 16 13 40
1 17 14 1
1 17 23 1
1 17 33 3
1 18 19 80
1 20 15 57
1 20 24 41
1 21 20 1
1 21 25 2
1 21 34 5
1 22 16 4
1 22 25 5
1 22 34 1
1 23 18 9
1 23 30 12
1 23 33 1
1 24 19 3
1 24 26 1
1 25 21 1
1 25 28 16
1 27 1 5
1 28 26 100
1 29 3 6
1 30 26 44
1 31 1 2
1 31 4 2
1 31 5 2
1 31 10 9
1 32 3 2
1 32 8 5
1 32 9 4
1 32 12 3
1 33 14 1
1 33 18 51
1 34 21 1
1 34 22 1
1 34 25 2
1 17
1 13
1 22
1 15
1 14
1 19
1 40
1 10
1 31
1 12
1 71
1 43
1 46
1 596
1 68
1 108
1 35
1 19
1 192
1 70
1 7
1 8
1 13
1 8
1 48
1 15
1 76
1 12
1 24
1 6
1 18
1 12
1 20
1 10
1 13
1
