35 3
0.0 0.5 0
0.125 0.125 0
0.125 0.5 0
0.125 0.875 0
0.25 0.0 0
0.25 0.25 0
0.25 0.375 0
0.25 0.625 0
0.25 0.75 0
0.25 1.0 0
0.375 0.125 0
0.375 0.5 0
0.375 0.875 0
0.5 0.5 1
0.625 0.125 0
0.625 0.5 0
0.625 0.875 0
0.75 0.0 0
0.75 0.25 0
0.75 0.375 0
0.75 0.625 0
0.75 0.75 0
0.75 1.0 0
0.875 0.125 0
0.875 0.5 0
0.875 0.875 0
1.0 0.5 0
0.0625 0.3125 0
0.9375 0.6875 0
0.0625 0.6875 0
0.9375 0.3125 0
0.25 0.125 1
0.25 0.875 1
0.75 0.125 1
0.75 0.875 1
0 0 100 0 0 0 0 0 0 0 0 0 0 0 0 0 0 0 0 0 0 0 0 0 0 0 0 100 0 100 0 0 0 0 0
0 0 0 0 80 80 0 0 0 0 0 0 0 0 0 0 0 0 0 0 0 0 0 0 0 0 0 100 0 0 0 100 0 0 0
100 0 0 0 0 0 80 80 0 0 0 0 0 0 0 0 0 0 0 0 0 0 0 0 0 0 0 0 0 0 0 0 0 0 0
0 0 0 0 0 0 0 0 80 80 0 0 0 0 0 0 0 0 0 0 0 0 0 0 0 0 0 0 0 100 0 0 100 0 0
0 80 0 0 0 0 0 0 0 0 60 0 0 0 0 0 0 10 0 0 0 0 0 0 0 0 0 0 0 0 0 100 0 0 0
0 80 0 0 0 0 80 0 0 0 60 0 0 0 0 0 0 0 0 0 0 0 0 0 0 0 0 0 0 0 0 100 0 0 0
0 0 80 0 0 80 0 0 0 0 0 60 0 0 0 0 0 0 0 0 0 0 0 0 0 0 0 0 0 0 0 0 0 0 0
0 0 80 0 0 0 0 0 80 0 0 60 0 0 0 0 0 0 0 0 0 0 0 0 0 0 0 0 0 0 0 0 0 0 0
0 0 0 80 0 0 0 80 0 0 0 0 60 0 0 0 0 0 0 0 0 0 0 0 0 0 0 0 0 0 0 0 100 0 0
0 0 0 80 0 0 0 0 0 0 0 0 60 0 0 0 0 0 0 0 0 0 10 0 0 0 0 0 0 0 0 0 100 0 0
0 0 0 0 60 60 0 0 0 0 0 0 0 40 20 0 0 0 0 0 0 0 0 0 0 0 0 0 0 0 0 100 0 0 0
0 0 0 0 0 0 60 60 0 0 0 0 0 40 0 0 0 0 0 0 0 0 0 0 0 0 0 0 0 0 0 0 0 0 0
0 0 0 0 0 0 0 0 60 60 0 0 0 40 0 0 20 0 0 0 0 0 0 0 0 0 0 0 0 0 0 0 100 0 0
0 0 0 0 0 0 0 0 0 0 40 40 40 0 40 40 40 0 0 0 0 0 0 0 0 0 0 0 0 0 0 0 0 0 0
0 0 0 0 0 0 0 0 0 0 20 0 0 40 0 0 0 60 60 0 0 0 0 0 0 0 0 0 0 0 0 0 0 100 0
0 0 0 0 0 0 0 0 0 0 0 0 0 40 0 0 0 0 0 60 60 0 0 0 0 0 0 0 0 0 0 0 0 0 0
0 0 0 0 0 0 0 0 0 0 0 0 20 40 0 0 0 0 0 0 0 60 60 0 0 0 0 0 0 0 0 0 0 0 100
0 0 0 0 10 0 0 0 0 0 0 0 0 0 60 0 0 0 0 0 0 0 0 80 0 0 0 0 0 0 0 0 0 100 0
0 0 0 0 0 0 0 0 0 0 0 0 0 0 60 0 0 0 0 80 0 0 0 80 0 0 0 0 0 0 0 0 0 100 0
0 0 0 0 0 0 0 0 0 0 0 0 0 0 0 60 0 0 80 0 0 0 0 0 80 0 0 0 0 0 0 0 0 0 0
0 0 0 0 0 0 0 0 0 0 0 0 0 0 0 60 0 0 0 0 0 80 0 0 80 0 0 0 0 0 0 0 0 0 0
0 0 0 0 0 0 0 0 0 0 0 0 0 0 0 0 60 0 0 0 80 0 0 0 0 80 0 0 0 0 0 0 0 0 100
0 0 0 0 0 0 0 0 0 10 0 0 0 0 0 0 60 0 0 0 0 0 0 0 0 80 0 0 0 0 0 0 0 0 100
0 0 0 0 0 0 0 0 0 0 0 0 0 0 0 0 0 80 80 0 0 0 0 0 0 0 0 0 0 0 100 0 0 100 0
0 0 0 0 0 0 0 0 0 0 0 0 0 0 0 0 0 0 0 80 80 0 0 0 0 0 100 0 0 0 0 0 0 0 0
0 0 0 0 0 0 0 0 0 0 0 0 0 0 0 0 0 0 0 0 0 80 80 0 0 0 0 0 100 0 0 0 0 0 100
0 0 0 0 0 0 0 0 0 0 0 0 0 0 0 0 0 0 0 0 0 0 0 0 100 0 0 0 100 0 100 0 0 0 0
100 100 0 0 0 0 0 0 0 0 0 0 0 0 0 0 0 0 0 0 0 0 0 0 0 0 0 0 0 0 0 0 0 0 0
0 0 0 0 0 0 0 0 0 0 0 0 0 0 0 0 0 0 0 0 0 0 0 0 0 100 100 0 0 0 0 0 0 0 0
100 0 0 100 0 0 0 0 0 0 0 0 0 0 0 0 0 0 0 0 0 0 0 0 0 0 0 0 0 0 0 0 0 0 0
0 0 0 0 0 0 0 0 0 0 0 0 0 0 0 0 0 0 0 0 0 0 0 100 0 0 100 0 0 0 0 0 0 0 0
0 100 0 0 100 100 0 0 0 0 100 0 0 0 0 0 0 0 0 0 0 0 0 0 0 0 0 0 0 0 0 0 0 0 0
0 0 0 100 0 0 0 0 100 100 0 0 100 0 0 0 0 0 0 0 0 0 0 0 0 0 0 0 0 0 0 0 0 0 0
0 0 0 0 0 0 0 0 0 0 0 0 0 0 100 0 0 100 100 0 0 0 0 100 0 0 0 0 0 0 0 0 0 0 0
0 0 0 0 0 0 0 0 0 0 0 0 0 0 0 0 100 0 0 0 0 100 100 0 0 100 0 0 0 0 0 0 0 0 0
0
1 20
0 5
0 5
0 5
0 10
0 10
0 10
0 10
0 10
0 10
0 10
0 10
0 10
0 40
0 10
0 10
0 10
0 10
0 10
0 10
0 10
0 10
0 10
0 5
0 5
0 5
2 20
0 5
0 5
0 5
0 5
0 5
0 5
0 5
0 5
0
0
1 35
0 5
0 5
0 5
0 10
0 10
0 10
0 10
0 10
0 10
0 10
0 10
0 10
0 40
0 10
0 10
0 10
0 10
0 10
0 10
0 10
0 10
0 10
0 5
0 5
0 5
2 35
0 5
0 5
0 5
0 5
0 5
0 5
0 5
0 5
0
6
1 0 2 11
1 0 27 11
1 0 29 11
2 26 24 10
2 26 28 10
2 26 30 10
1 17
0 5
1 11
0 5
0 10
0 10
0 10
0 10
0 10
0 10
0 10
0 10
0 10
0 40
0 10
0 10
0 10
0 10
2 15
0 10
0 10
0 10
0 10
0 5
2 10
0 5
2 20
1 11
2 10
1 11
2 10
0 5
0 5
0 5
0 5
0
11
2 18 14 15
2 26 24 15
2 28 25 10
2 30 23 10
1 0 2 5
1 0 27 5
1 0 29 5
1 2 6 5
1 2 7 5
1 27 1 10
1 29 3 10
1 17
1 10
1 11
1 10
1 15
0 10
0 5
0 5
0 10
0 10
0 10
0 10
0 10
0 40
2 25
0 10
0 10
0 10
2 10
0 10
0 10
0 10
0 10
2 15
2 35
2 15
2 35
1 11
2 10
1 11
2 10
0 5
0 5
0 5
0 5
0
26
2 14 10 15
2 18 33 10
2 23 18 15
2 24 19 15
2 25 21 15
2 26 28 15
2 26 30 15
1 0 2 5
1 0 27 5
1 0 29 5
1 1 4 3
1 1 5 3
1 1 31 3
1 2 6 5
1 2 7 5
1 3 8 3
1 3 9 3
1 3 32 3
1 4 1 3
1 4 17 3
1 4 10 3
1 4 31 3
1 27 0 5
1 27 1 5
1 29 0 5
1 29 3 5
1 42
1 19
1 16
1 16
1 16
0 7
0 0
0 0
0 7
0 7
2 15
0 10
0 10
0 40
2 20
0 10
0 10
0 7
2 20
2 10
2 15
2 10
0 10
2 5
2 25
2 5
2 20
1 16
2 30
1 16
2 30
1 15
0 2
2 10
0 5
0
35
2 10 5 12
2 14 10 20
2 18 23 10
2 20 15 15
2 21 25 10
2 24 19 15
2 28 25 10
2 30 23 10
2 33 23 20
1 0 2 13
1 0 27 13
1 0 29 13
1 1 4 6
1 1 5 6
1 1 31 6
1 2 6 7
1 2 7 7
1 3 8 5
1 3 9 5
1 3 32 5
1 4 1 3
1 4 17 3
1 4 10 3
1 4 31 3
1 27 0 7
1 27 1 7
1 29 0 7
1 29 3 7
1 31 1 18
1 31 4 18
1 31 5 18
1 31 10 18
2 33 14 10
2 33 17 10
2 33 18 10
1 17
1 29
1 15
1 8
1 28
1 7
1 7
1 7
0 2
0 2
2 2
0 10
0 10
0 40
2 10
2 5
0 10
2 3
2 20
2 25
2 0
2 0
0 10
2 45
2 10
2 25
2 20
1 15
2 20
1 15
2 20
1 12
1 3
2 0
0 5
0
45
2 14 10 7
2 18 14 15
2 18 33 5
2 19 15 10
2 19 24 15
2 23 17 8
2 23 18 25
2 23 33 5
2 25 21 5
2 25 22 15
2 26 24 15
1 0 2 5
1 0 27 5
1 0 29 5
1 1 4 7
1 1 5 7
1 1 27 7
1 1 31 7
1 2 0 4
1 2 6 4
1 2 7 4
1 3 8 2
1 3 9 2
1 3 32 2
1 4 17 9
1 4 10 9
1 4 31 9
1 5 10 2
1 5 6 2
1 5 31 2
1 6 5 3
1 6 11 3
1 7 8 3
1 7 11 3
1 27 0 7
1 27 1 7
1 29 0 7
1 29 3 7
1 31 4 3
1 31 5 3
1 31 10 3
1 32 3 3
1 32 8 3
1 32 9 3
1 32 12 3
1 50
1 18
1 18
1 22
1 21
1 24
1 17
1 15
1 16
1 12
1 25
0 4
0 7
0 40
2 28
2 25
0 10
2 7
2 30
2 5
2 5
2 10
2 10
2 12
2 45
2 10
2 20
1 23
2 25
1 16
2 25
1 31
1 15
2 15
0 5
0
54
1 0 2 16
1 0 27 16
1 0 29 16
1 1 4 4
1 1 5 4
1 1 27 4
1 1 31 4
1 2 0 5
1 2 6 5
1 2 7 5
1 3 8 5
1 3 9 5
1 3 29 5
1 3 32 5
1 4 17 10
1 4 10 10
1 5 1 5
1 5 10 5
1 5 6 5
1 5 31 5
1 6 11 16
1 7 8 7
1 7 11 7
1 8 7 5
1 8 12 5
1 8 32 5
1 9 12 3
1 9 22 3
1 9 32 3
1 10 4 8
1 10 14 8
1 10 13 8
1 27 0 11
1 27 1 11
1 29 0 7
1 29 3 7
1 31 1 7
1 31 4 7
1 31 5 7
1 31 10 7
1 32 8 4
1 32 9 4
1 32 12 4
2 14 10 20
2 15 19 10
2 21 34 10
2 22 34 10
2 23 17 12
2 24 19 10
2 24 26 25
2 25 34 10
2 28 25 15
2 30 23 17
2 33 17 12
1 40
1 30
1 24
1 14
1 25
1 20
1 16
1 16
1 22
1 17
1 13
1 14
1 15
0 32
2 10
2 25
0 10
2 26
2 35
2 30
2 10
2 5
1 8
2 22
2 15
2 20
2 60
1 26
2 15
1 28
2 13
1 17
1 21
2 8
2 30
0
68
2 17 14 15
2 18 14 15
2 19 15 30
2 20 21 10
1 0 2 13
1 0 27 13
1 0 29 13
1 1 4 7
1 1 5 7
1 1 27 7
1 1 31 7
1 2 0 7
1 2 6 7
1 2 7 7
1 3 8 3
1 3 9 3
1 3 29 3
1 3 32 3
1 4 17 10
1 4 10 12
1 5 1 4
1 5 10 4
1 5 6 4
1 5 31 4
1 6 2 5
1 6 5 5
1 6 11 5
1 7 2 5
1 7 8 5
1 7 11 5
1 8 3 5
1 8 7 5
1 8 12 5
1 8 32 5
1 9 3 4
1 9 12 4
1 9 22 4
1 9 32 4
1 10 4 4
1 10 14 4
1 10 13 4
1 11 13 13
1 12 13 7
1 12 16 7
1 22 16 2
1 22 25 2
1 22 34 2
1 27 0 12
1 27 1 12
1 29 0 13
1 29 3 13
1 31 1 4
1 31 4 4
1 31 5 4
1 31 10 4
1 32 3 5
1 32 8 5
1 32 9 5
1 32 12 5
2 23 30 18
2 25 21 10
2 26 24 20
2 26 28 20
2 26 30 18
2 34 16 45
2 34 21 40
2 34 22 30
2 34 25 30
1 48
1 27
1 31
1 34
1 23
1 25
1 17
1 18
1 20
1 14
1 31
1 21
1 25
0 8
2 46
2 65
2 45
2 6
2 25
2 5
2 5
2 70
2 29
2 9
2 40
2 43
2 17
2 27
2 40
1 23
2 54
1 17
1 18
2 13
2 8
0
64
2 14 10 20
2 14 13 13
2 14 17 11
2 15 13 13
2 15 19 10
2 16 12 20
2 16 13 13
2 18 23 14
2 18 19 10
2 21 16 50
2 21 34 13
2 22 9 10
2 22 34 13
2 24 19 10
2 24 26 22
2 25 22 34
2 28 26 22
2 30 23 14
2 30 26 22
2 33 17 11
1 1 4 13
1 2 0 10
1 2 6 10
1 2 7 10
1 3 8 8
1 3 9 8
1 3 29 8
1 3 32 8
1 4 1 7
1 4 17 7
1 4 10 7
1 5 1 6
1 5 10 6
1 5 6 6
1 5 31 6
1 6 2 5
1 6 5 5
1 6 11 5
1 7 2 5
1 7 8 5
1 7 11 5
1 8 3 4
1 8 7 4
1 8 12 4
1 8 32 4
1 9 12 6
1 9 22 6
1 10 4 10
1 10 14 10
1 10 13 10
1 11 13 20
1 12 9 8
1 12 13 8
1 12 16 8
1 29 0 11
1 29 3 11
1 31 1 4
1 31 4 4
1 31 5 4
1 31 10 4
1 32 3 4
1 32 8 4
1 32 9 4
1 32 12 4
1 84
1 36
1 16
1 26
1 34
1 15
1 23
1 22
1 26
1 17
2 12
1 21
2 15
2 41
1 18
2 52
2 64
2 26
2 6
2 40
2 10
2 12
2 39
2 42
2 13
2 14
2 98
2 32
2 23
1 14
2 23
1 12
1 19
2 7
2 39
0
65
2 13 10 58
2 15 13 40
2 16 12 20
2 16 13 40
2 17 14 23
2 19 18 11
2 19 24 18
2 22 9 10
2 22 25 19
2 23 17 31
2 23 18 11
2 26 24 18
2 26 28 28
2 26 30 28
2 28 25 19
2 34 21 17
2 34 25 19
1 1 4 8
1 1 5 8
1 1 31 8
1 2 0 5
1 2 6 5
1 2 7 5
1 3 8 6
1 3 9 6
1 3 29 6
1 3 32 6
1 4 1 8
1 4 17 8
1 4 10 8
1 4 31 8
1 5 1 4
1 5 10 4
1 5 31 4
1 6 2 7
1 6 5 7
1 6 11 7
1 7 2 7
1 7 8 7
1 7 11 7
1 8 12 12
1 8 32 12
1 9 12 5
1 9 22 5
1 9 32 5
1 11 13 20
1 14 10 3
1 14 13 3
1 14 17 3
1 14 18 3
1 14 33 3
1 29 0 6
1 29 3 6
1 31 1 2
1 31 4 2
1 31 5 2
1 31 10 2
1 32 8 6
1 32 9 6
1 32 12 6
2 13 11 41
2 13 12 41
2 13 14 41
2 13 15 41
2 13 16 41
1 110
1 31
1 20
1 13
1 17
1 25
1 12
1 11
1 26
1 9
2 63
2 36
2 63
2 91
2 13
2 63
2 55
2 28
2 30
2 16
2 15
2 34
2 10
2 5
2 54
2 76
2 39
2 37
2 37
1 13
2 56
1 29
1 29
2 9
2 8
0
61
2 10 5 30
2 10 14 18
2 11 6 17
2 11 7 16
2 12 8 31
2 12 9 14
2 13 10 40
2 13 14 18
2 15 19 21
2 16 21 39
2 16 22 15
2 17 14 18
2 17 23 10
2 18 14 18
2 18 23 10
2 21 34 13
2 22 9 10
2 24 19 21
2 25 21 39
2 25 22 15
2 25 34 13
2 27 1 36
2 30 23 10
2 30 26 44
1 1 4 7
1 1 5 7
1 1 31 7
1 2 0 6
1 2 6 6
1 2 7 6
1 3 8 3
1 3 9 3
1 3 29 3
1 3 32 3
1 4 1 4
1 4 17 4
1 4 10 4
1 4 31 4
1 5 1 6
1 5 10 6
1 5 6 6
1 5 31 6
1 6 5 5
1 6 11 5
1 7 8 5
1 7 11 5
1 8 7 8
1 8 12 8
1 8 32 8
1 9 12 2
1 9 22 2
1 9 32 2
1 29 0 6
1 29 3 6
1 31 1 7
1 31 4 7
1 31 5 7
1 31 10 7
1 32 8 9
1 32 9 9
1 32 12 9
1 137
2 14
1 7
1 12
1 20
2 15
2 8
2 6
2 17
2 20
2 48
1 13
1 11
2 43
2 95
2 52
2 11
1 9
2 7
2 63
2 20
2 104
2 33
2 40
2 38
2 14
2 98
2 6
2 42
1 9
2 7
1 23
1 20
2 14
2 39
0
59
1 0 2 68
1 0 27 68
1 2 0 2
1 2 6 2
1 2 7 2
1 3 8 3
1 3 9 3
1 3 32 3
1 4 1 4
1 4 17 4
1 4 10 4
1 4 31 4
1 11 6 4
1 11 7 4
1 11 13 4
1 12 8 2
1 12 9 2
1 12 13 2
1 12 16 2
1 12 32 2
1 17 4 2
1 17 14 2
1 17 23 2
1 17 33 2
1 29 0 4
1 29 3 4
1 31 1 5
1 31 4 5
1 31 5 5
1 31 10 5
1 32 3 4
1 32 8 4
1 32 9 4
1 32 12 4
2 1 27 11
2 8 3 17
2 9 3 17
2 10 5 20
2 10 31 28
2 13 11 18
2 13 12 16
2 14 10 20
2 14 13 40
2 15 13 40
2 19 15 57
2 21 16 16
2 21 25 19
2 21 34 44
2 22 9 10
2 22 16 16
2 23 17 14
2 23 18 12
2 23 30 12
2 26 24 43
2 26 28 47
2 28 25 19
2 33 17 14
2 34 16 16
2 34 25 19
1 22
1 8
1 74
2 16
1 16
2 35
2 7
2 5
1 14
2 9
2 21
2 27
2 21
2 93
2 43
2 79
2 67
2 10
2 24
2 11
2 25
2 30
2 12
2 5
2 86
2 76
2 23
1 56
2 75
1 6
2 24
2 26
1 14
1 7
2 53
0
55
1 0 2 7
1 0 27 7
1 0 29 7
1 1 4 2
1 1 5 2
1 1 31 2
1 2 6 36
1 2 7 36
1 4 1 3
1 4 17 3
1 4 10 3
1 4 31 3
1 8 3 3
1 8 7 3
1 8 12 3
1 8 32 3
1 27 0 27
1 27 1 27
1 29 3 5
1 32 3 3
1 32 8 3
1 32 9 3
1 32 12 3
1 33 14 8
1 33 17 8
1 33 18 8
1 33 23 8
2 5 1 13
2 11 6 12
2 11 7 10
2 12 8 19
2 13 10 26
2 13 11 32
2 13 12 26
2 14 10 20
2 14 17 15
2 15 19 16
2 16 12 20
2 16 21 35
2 17 23 10
2 18 23 10
2 18 33 12
2 22 9 10
2 24 19 16
2 24 26 28
2 25 21 35
2 25 22 17
2 28 26 28
2 30 23 10
2 31 1 39
2 34 21 35
2 34 22 17
2 31 4 26
2 31 5 26
2 31 10 26
1 43
2 32
1 14
2 5
2 20
2 46
1 22
1 20
2 14
2 16
2 90
2 37
2 42
2 9
2 0
2 63
2 12
2 4
1 11
2 43
2 25
2 135
2 36
2 27
2 42
2 24
2 79
1 14
2 47
1 13
2 14
2 8
1 10
2 9
2 1
0
52
1 0 2 14
1 0 27 14
1 0 29 14
1 2 0 4
1 2 6 4
1 2 7 4
1 6 5 10
1 6 11 10
1 7 8 9
1 7 11 9
1 18 14 2
1 18 23 2
1 18 19 2
1 18 33 2
1 27 1 13
1 29 3 12
1 32 3 2
1 32 8 2
1 32 9 2
1 32 12 2
2 1 4 25
2 4 17 9
2 5 1 37
2 8 3 10
2 9 3 10
2 10 4 25
2 10 5 51
2 10 14 5
2 11 6 27
2 12 8 19
2 12 9 21
2 13 14 5
2 15 13 14
2 15 19 48
2 16 34 6
2 19 18 16
2 21 16 17
2 21 25 29
2 21 34 6
2 22 9 10
2 22 16 17
2 22 34 6
2 23 17 9
2 23 18 16
2 25 34 6
2 26 24 47
2 26 30 19
2 28 25 29
2 33 14 14
2 33 17 9
2 33 18 9
2 33 23 9
1 20
2 36
1 21
2 16
2 66
2 55
2 26
1 11
2 17
2 40
2 19
1 20
2 10
2 28
2 32
2 11
2 50
2 36
2 43
2 78
2 30
2 88
2 8
2 14
2 94
2 81
2 28
1 20
2 23
1 20
2 38
2 13
1 7
2 7
2 30
0
44
2 1 27 25
2 3 32 12
2 4 1 41
2 4 10 24
2 5 1 41
1 0 2 6
1 0 27 6
1 0 29 6
1 2 6 10
1 2 7 10
1 7 2 3
1 7 8 3
1 7 11 3
1 11 6 6
1 11 7 6
1 11 13 6
1 27 1 19
1 29 3 19
1 32 3 1
1 32 8 1
1 32 9 1
1 32 12 1
2 6 2 26
2 9 3 21
2 9 12 15
2 10 31 18
2 13 10 24
2 14 10 20
2 14 33 12
2 16 12 15
2 16 13 33
2 18 14 37
2 19 15 16
2 19 18 48
2 20 15 16
2 21 16 55
2 23 33 12
2 24 19 80
2 25 22 13
2 25 28 28
2 25 34 35
2 26 28 28
2 30 23 19
2 34 22 13
1 17
2 79
2 21
2 10
2 6
2 19
1 5
1 23
2 18
2 8
2 79
1 15
2 49
2 41
2 47
2 53
2 67
2 41
2 59
2 99
2 19
2 38
2 39
2 26
2 19
2 10
2 15
2 23
2 84
1 12
2 24
2 36
2 14
2 36
2 57
0
45
2 1 4 11
2 1 5 24
2 1 27 28
2 5 6 10
2 8 3 15
2 10 4 11
2 10 5 24
2 10 14 20
1 0 27 5
1 0 29 5
1 6 5 1
1 6 11 1
1 7 8 7
1 7 11 7
1 11 6 4
1 11 7 4
1 11 13 4
1 29 0 5
1 29 3 5
2 12 8 23
2 12 9 13
2 13 11 20
2 14 13 40
2 15 13 40
2 16 12 20
2 17 4 10
2 17 23 31
2 18 14 52
2 19 15 58
2 19 24 24
2 21 25 15
2 22 9 10
2 22 25 15
2 27 0 22
2 28 25 15
2 28 26 20
2 30 26 20
2 31 4 11
2 31 5 24
2 33 23 31
2 34 21 43
2 32 3 14
2 32 8 14
2 32 9 14
2 32 12 14
2 25
2 21
2 26
2 39
2 54
2 85
2 8
1 18
2 38
2 50
2 34
2 19
2 57
2 107
2 89
2 81
2 57
2 5
2 12
2 22
2 24
2 71
2 19
2 93
2 48
2 60
2 70
2 29
2 54
1 12
2 9
2 6
2 19
2 10
2 19
0
34
2 0 29 17
2 1 31 11
2 4 1 26
2 4 17 10
2 4 31 11
2 5 1 26
2 5 10 39
2 5 6 13
2 8 7 23
2 9 3 44
2 10 31 11
2 11 6 13
2 12 8 43
2 13 10 39
2 13 11 24
2 14 10 20
2 14 17 10
2 14 18 17
2 14 33 15
2 15 19 27
2 16 22 24
2 16 34 24
2 19 18 17
2 21 16 60
2 23 17 10
2 23 18 17
2 23 30 14
2 23 33 15
2 24 19 27
2 25 22 24
2 25 34 24
2 26 24 53
2 26 30 14
2 33 17 10
2 23
2 67
2 31
2 88
2 12
2 12
2 39
2 10
2 63
2 11
2 131
2 40
2 24
2 54
2 37
2 64
2 79
2 50
2 68
2 64
2 29
2 16
2 72
2 42
2 79
2 17
2 18
2 34
2 59
2 10
2 42
2 44
2 24
2 35
2 72
2
