35 3
0,0 0,5 0
0,125 0,125 0
0,125 0,5 0
0,125 0,875 0
0,25 0,0 0
0,25 0,25 0
0,25 0,375 0
0,25 0,625 0
0,25 0,75 0
0,25 1,0 0
0,375 0,125 0
0,375 0,5 0
0,375 0,875 0
0,5 0,5 1
0,625 0,125 0
0,625 0,5 0
0,625 0,875 0
0,75 0,0 0
0,75 0,25 0
0,75 0,375 0
0,75 0,625 0
0,75 0,75 0
0,75 1,0 0
0,875 0,125 0
0,875 0,5 0
0,875 0,875 0
1,0 0,5 0
0,0625 0,3125 0
0,9375 0,6875 0
0,0625 0,6875 0
0,9375 0,3125 0
0,25 0,125 1
0,25 0,875 1
0,75 0,125 1
0,75 0,875 1
0 0 100 0 0 0 0 0 0 0 0 0 0 0 0 0 0 0 0 0 0 0 0 0 0 0 0 100 0 100 0 0 0 0 0
0 0 0 0 80 80 0 0 0 0 0 0 0 0 0 0 0 0 0 0 0 0 0 0 0 0 0 100 0 0 0 100 0 0 0
100 0 0 0 0 0 80 80 0 0 0 0 0 0 0 0 0 0 0 0 0 0 0 0 0 0 0 0 0 0 0 0 0 0 0
0 0 0 0 0 0 0 0 80 80 0 0 0 0 0 0 0 0 0 0 0 0 0 0 0 0 0 0 0 100 0 0 100 0 0
0 80 0 0 0 0 0 0 0 0 60 0 0 0 0 0 0 10 0 0 0 0 0 0 0 0 0 0 0 0 0 100 0 0 0
0 80 0 0 0 0 80 0 0 0 60 0 0 0 0 0 0 0 0 0 0 0 0 0 0 0 0 0 0 0 0 100 0 0 0
0 0 80 0 0 80 0 0 0 0 0 60 0 0 0 0 0 0 0 0 0 0 0 0 0 0 0 0 0 0 0 0 0 0 0
0 0 80 0 0 0 0 0 80 0 0 60 0 0 0 0 0 0 0 0 0 0 0 0 0 0 0 0 0 0 0 0 0 0 0
0 0 0 80 0 0 0 80 0 0 0 0 60 0 0 0 0 0 0 0 0 0 0 0 0 0 0 0 0 0 0 0 100 0 0
0 0 0 80 0 0 0 0 0 0 0 0 60 0 0 0 0 0 0 0 0 0 10 0 0 0 0 0 0 0 0 0 100 0 0
0 0 0 0 60 60 0 0 0 0 0 0 0 40 20 0 0 0 0 0 0 0 0 0 0 0 0 0 0 0 0 100 0 0 0
0 0 0 0 0 0 60 60 0 0 0 0 0 40 0 0 0 0 0 0 0 0 0 0 0 0 0 0 0 0 0 0 0 0 0
0 0 0 0 0 0 0 0 60 60 0 0 0 40 0 0 20 0 0 0 0 0 0 0 0 0 0 0 0 0 0 0 100 0 0
0 0 0 0 0 0 0 0 0 0 40 40 40 0 40 40 40 0 0 0 0 0 0 0 0 0 0 0 0 0 0 0 0 0 0
0 0 0 0 0 0 0 0 0 0 20 0 0 40 0 0 0 60 60 0 0 0 0 0 0 0 0 0 0 0 0 0 0 100 0
0 0 0 0 0 0 0 0 0 0 0 0 0 40 0 0 0 0 0 60 60 0 0 0 0 0 0 0 0 0 0 0 0 0 0
0 0 0 0 0 0 0 0 0 0 0 0 20 40 0 0 0 0 0 0 0 60 60 0 0 0 0 0 0 0 0 0 0 0 100
0 0 0 0 10 0 0 0 0 0 0 0 0 0 60 0 0 0 0 0 0 0 0 80 0 0 0 0 0 0 0 0 0 100 0
0 0 0 0 0 0 0 0 0 0 0 0 0 0 60 0 0 0 0 80 0 0 0 80 0 0 0 0 0 0 0 0 0 100 0
0 0 0 0 0 0 0 0 0 0 0 0 0 0 0 60 0 0 80 0 0 0 0 0 80 0 0 0 0 0 0 0 0 0 0
0 0 0 0 0 0 0 0 0 0 0 0 0 0 0 60 0 0 0 0 0 80 0 0 80 0 0 0 0 0 0 0 0 0 0
0 0 0 0 0 0 0 0 0 0 0 0 0 0 0 0 60 0 0 0 80 0 0 0 0 80 0 0 0 0 0 0 0 0 100
0 0 0 0 0 0 0 0 0 10 0 0 0 0 0 0 60 0 0 0 0 0 0 0 0 80 0 0 0 0 0 0 0 0 100
0 0 0 0 0 0 0 0 0 0 0 0 0 0 0 0 0 80 80 0 0 0 0 0 0 0 0 0 0 0 100 0 0 100 0
0 0 0 0 0 0 0 0 0 0 0 0 0 0 0 0 0 0 0 80 80 0 0 0 0 0 100 0 0 0 0 0 0 0 0
0 0 0 0 0 0 0 0 0 0 0 0 0 0 0 0 0 0 0 0 0 80 80 0 0 0 0 0 100 0 0 0 0 0 100
0 0 0 0 0 0 0 0 0 0 0 0 0 0 0 0 0 0 0 0 0 0 0 0 100 0 0 0 100 0 100 0 0 0 0
100 100 0 0 0 0 0 0 0 0 0 0 0 0 0 0 0 0 0 0 0 0 0 0 0 0 0 0 0 0 0 0 0 0 0
0 0 0 0 0 0 0 0 0 0 0 0 0 0 0 0 0 0 0 0 0 0 0 0 0 100 100 0 0 0 0 0 0 0 0
100 0 0 100 0 0 0 0 0 0 0 0 0 0 0 0 0 0 0 0 0 0 0 0 0 0 0 0 0 0 0 0 0 0 0
0 0 0 0 0 0 0 0 0 0 0 0 0 0 0 0 0 0 0 0 0 0 0 100 0 0 100 0 0 0 0 0 0 0 0
0 100 0 0 100 100 0 0 0 0 100 0 0 0 0 0 0 0 0 0 0 0 0 0 0 0 0 0 0 0 0 0 0 0 0
0 0 0 100 0 0 0 0 100 100 0 0 100 0 0 0 0 0 0 0 0 0 0 0 0 0 0 0 0 0 0 0 0 0 0
0 0 0 0 0 0 0 0 0 0 0 0 0 0 100 0 0 100 100 0 0 0 0 100 0 0 0 0 0 0 0 0 0 0 0
0 0 0 0 0 0 0 0 0 0 0 0 0 0 0 0 100 0 0 0 0 100 100 0 0 100 0 0 0 0 0 0 0 0 0
0
1 20
0 5
0 5
0 5
0 10
0 10
0 10
0 10
0 10
0 10
0 10
0 10
0 10
0 40
0 10
0 10
0 10
0 10
0 10
0 10
0 10
0 10
0 10
0 5
0 5
0 5
2 20
0 5
0 5
0 5
0 5
0 5
0 5
0 5
0 5
0
0
1 35
0 5
0 5
0 5
0 10
0 10
0 10
0 10
0 10
0 10
0 10
0 10
0 10
0 40
0 10
0 10
0 10
0 10
0 10
0 10
0 10
0 10
0 10
0 5
0 5
0 5
2 35
0 5
0 5
0 5
0 5
0 5
0 5
0 5
0 5
0
0
1 50
0 5
0 5
0 5
0 10
0 10
0 10
0 10
0 10
0 10
0 10
0 10
0 10
0 40
0 10
0 10
0 10
0 10
0 10
0 10
0 10
0 10
0 10
0 5
0 5
0 5
2 50
0 5
0 5
0 5
0 5
0 5
0 5
0 5
0 5
0
0
1 65
0 5
0 5
0 5
0 10
0 10
0 10
0 10
0 10
0 10
0 10
0 10
0 10
0 40
0 10
0 10
0 10
0 10
0 10
0 10
0 10
0 10
0 10
0 5
0 5
0 5
2 65
0 5
0 5
0 5
0 5
0 5
0 5
0 5
0 5
0
0
1 80
0 5
0 5
0 5
0 10
0 10
0 10
0 10
0 10
0 10
0 10
0 10
0 10
0 40
0 10
0 10
0 10
0 10
0 10
0 10
0 10
0 10
0 10
0 5
0 5
0 5
2 80
0 5
0 5
0 5
0 5
0 5
0 5
0 5
0 5
0
1
1 0 29 26
1 69
0 5
0 5
0 5
0 10
0 10
0 10
0 10
0 10
0 10
0 10
0 10
0 10
0 40
0 10
0 10
0 10
0 10
0 10
0 10
0 10
0 10
0 10
0 5
0 5
0 5
2 95
0 5
0 5
1 26
0 5
0 5
0 5
0 5
0 5
0
0
1 84
0 5
0 5
0 5
0 10
0 10
0 10
0 10
0 10
0 10
0 10
0 10
0 10
0 40
0 10
0 10
0 10
0 10
0 10
0 10
0 10
0 10
0 10
0 5
0 5
0 5
2 110
0 5
0 5
1 31
0 5
0 5
0 5
0 5
0 5
0
0
1 99
0 5
0 5
0 5
0 10
0 10
0 10
0 10
0 10
0 10
0 10
0 10
0 10
0 40
0 10
0 10
0 10
0 10
0 10
0 10
0 10
0 10
0 10
0 5
0 5
0 5
2 125
0 5
0 5
1 36
0 5
0 5
0 5
0 5
0 5
0
0
1 114
0 5
0 5
0 5
0 10
0 10
0 10
0 10
0 10
0 10
0 10
0 10
0 10
0 40
0 10
0 10
0 10
0 10
0 10
0 10
0 10
0 10
0 10
0 5
0 5
0 5
2 140
0 5
0 5
1 41
0 5
0 5
0 5
0 5
0 5
0
1
1 0 29 49
1 80
0 5
0 5
0 5
0 10
0 10
0 10
0 10
0 10
0 10
0 10
0 10
0 10
0 40
0 10
0 10
0 10
0 10
0 10
0 10
0 10
0 10
0 10
0 5
0 5
0 5
2 155
0 5
0 5
1 95
0 5
0 5
0 5
0 5
0 5
0
1
1 0 29 56
1 39
0 5
0 5
0 5
0 10
0 10
0 10
0 10
0 10
0 10
0 10
0 10
0 10
0 40
0 10
0 10
0 10
0 10
0 10
0 10
0 10
0 10
0 10
0 5
0 5
0 5
2 170
0 5
0 5
1 156
0 5
0 5
0 5
0 5
0 5
0
0
1 54
0 5
0 5
0 5
0 10
0 10
0 10
0 10
0 10
0 10
0 10
0 10
0 10
0 40
0 10
0 10
0 10
0 10
0 10
0 10
0 10
0 10
0 10
0 5
0 5
0 5
2 185
0 5
0 5
1 161
0 5
0 5
0 5
0 5
0 5
0
1
1 0 2 22
1 32
0 5
1 17
0 5
0 10
0 10
0 10
0 10
0 10
0 10
0 10
0 10
0 10
0 40
0 10
0 10
0 10
0 10
0 10
0 10
0 10
0 10
0 10
0 5
0 5
0 5
2 200
0 5
0 5
1 161
0 5
0 5
0 5
0 5
0 5
0
0
1 47
0 5
1 22
0 5
0 10
0 10
0 10
0 10
0 10
0 10
0 10
0 10
0 10
0 40
0 10
0 10
0 10
0 10
0 10
0 10
0 10
0 10
0 10
0 5
0 5
0 5
2 215
0 5
0 5
1 166
0 5
0 5
0 5
0 5
0 5
0
0
1 62
0 5
1 27
0 5
0 10
0 10
0 10
0 10
0 10
0 10
0 10
0 10
0 10
0 40
0 10
0 10
0 10
0 10
0 10
0 10
0 10
0 10
0 10
0 5
0 5
0 5
2 230
0 5
0 5
1 171
0 5
0 5
0 5
0 5
0 5
0
0
1 77
0 5
1 32
0 5
0 10
0 10
0 10
0 10
0 10
0 10
0 10
0 10
0 10
0 40
0 10
0 10
0 10
0 10
0 10
0 10
0 10
0 10
0 10
0 5
0 5
0 5
2 245
0 5
0 5
1 176
0 5
0 5
0 5
0 5
0 5
0
0
1 92
0 5
1 37
0 5
0 10
0 10
0 10
0 10
0 10
0 10
0 10
0 10
0 10
0 40
0 10
0 10
0 10
0 10
0 10
0 10
0 10
0 10
0 10
0 5
0 5
0 5
2 260
0 5
0 5
1 181
0 5
0 5
0 5
0 5
0 5
0
1
1 0 29 25
1 82
0 5
1 42
0 5
0 10
0 10
0 10
0 10
0 10
0 10
0 10
0 10
0 10
0 40
0 10
0 10
0 10
0 10
0 10
0 10
0 10
0 10
0 10
0 5
0 5
0 5
2 275
0 5
0 5
1 211
0 5
0 5
0 5
0 5
0 5
0
1
1 0 2 24
1 73
0 5
1 71
0 5
0 10
0 10
0 10
0 10
0 10
0 10
0 10
0 10
0 10
0 40
0 10
0 10
0 10
0 10
0 10
0 10
0 10
0 10
0 10
0 5
0 5
0 5
2 290
0 5
0 5
1 216
0 5
0 5
0 5
0 5
0 5
0
0
1 88
0 5
1 76
0 5
0 10
0 10
0 10
0 10
0 10
0 10
0 10
0 10
0 10
0 40
0 10
0 10
0 10
0 10
0 10
0 10
0 10
0 10
0 10
0 5
0 5
0 5
2 305
0 5
0 5
1 221
0 5
0 5
0 5
0 5
0 5
0
0
1 103
0 5
1 81
0 5
0 10
0 10
0 10
0 10
0 10
0 10
0 10
0 10
0 10
0 40
0 10
0 10
0 10
0 10
0 10
0 10
0 10
0 10
0 10
0 5
0 5
0 5
2 320
0 5
0 5
1 226
0 5
0 5
0 5
0 5
0 5
0
0
1 118
0 5
1 86
0 5
0 10
0 10
0 10
0 10
0 10
0 10
0 10
0 10
0 10
0 40
0 10
0 10
0 10
0 10
0 10
0 10
0 10
0 10
0 10
0 5
0 5
0 5
2 335
0 5
0 5
1 231
0 5
0 5
0 5
0 5
0 5
0
0
1 133
0 5
1 91
0 5
0 10
0 10
0 10
0 10
0 10
0 10
0 10
0 10
0 10
0 40
0 10
0 10
0 10
0 10
0 10
0 10
0 10
0 10
0 10
0 5
0 5
0 5
2 350
0 5
0 5
1 236
0 5
0 5
0 5
0 5
0 5
0
0
1 148
0 5
1 96
0 5
0 10
0 10
0 10
0 10
0 10
0 10
0 10
0 10
0 10
0 40
0 10
0 10
0 10
0 10
0 10
0 10
0 10
0 10
0 10
0 5
0 5
0 5
2 365
0 5
0 5
1 241
0 5
0 5
0 5
0 5
0 5
0
0
1 163
0 5
1 101
0 5
0 10
0 10
0 10
0 10
0 10
0 10
0 10
0 10
0 10
0 40
0 10
0 10
0 10
0 10
0 10
0 10
0 10
0 10
0 10
0 5
0 5
0 5
2 380
0 5
0 5
1 246
0 5
0 5
0 5
0 5
0 5
0
0
1 178
0 5
1 106
0 5
0 10
0 10
0 10
0 10
0 10
0 10
0 10
0 10
0 10
0 40
0 10
0 10
0 10
0 10
0 10
0 10
0 10
0 10
0 10
0 5
0 5
0 5
2 395
0 5
0 5
1 251
0 5
0 5
0 5
0 5
0 5
0
0
1 193
0 5
1 111
0 5
0 10
0 10
0 10
0 10
0 10
0 10
0 10
0 10
0 10
0 40
0 10
0 10
0 10
0 10
0 10
0 10
0 10
0 10
0 10
0 5
0 5
0 5
2 410
0 5
0 5
1 256
0 5
0 5
0 5
0 5
0 5
0
0
1 208
0 5
1 116
0 5
0 10
0 10
0 10
0 10
0 10
0 10
0 10
0 10
0 10
0 40
0 10
0 10
0 10
0 10
0 10
0 10
0 10
0 10
0 10
0 5
0 5
0 5
2 425
0 5
0 5
1 261
0 5
0 5
0 5
0 5
0 5
0
0
1 223
0 5
1 121
0 5
0 10
0 10
0 10
0 10
0 10
0 10
0 10
0 10
0 10
0 40
0 10
0 10
0 10
0 10
0 10
0 10
0 10
0 10
0 10
0 5
0 5
0 5
2 440
0 5
0 5
1 266
0 5
0 5
0 5
0 5
0 5
0
0
1 238
0 5
1 126
0 5
0 10
0 10
0 10
0 10
0 10
0 10
0 10
0 10
0 10
0 40
0 10
0 10
0 10
0 10
0 10
0 10
0 10
0 10
0 10
0 5
0 5
0 5
2 455
0 5
0 5
1 271
0 5
0 5
0 5
0 5
0 5
0
0
1 253
0 5
1 131
0 5
0 10
0 10
0 10
0 10
0 10
0 10
0 10
0 10
0 10
0 40
0 10
0 10
0 10
0 10
0 10
0 10
0 10
0 10
0 10
0 5
0 5
0 5
2 470
0 5
0 5
1 276
0 5
0 5
0 5
0 5
0 5
0
0
1 268
0 5
1 136
0 5
0 10
0 10
0 10
0 10
0 10
0 10
0 10
0 10
0 10
0 40
0 10
0 10
0 10
0 10
0 10
0 10
0 10
0 10
0 10
0 5
0 5
0 5
2 485
0 5
0 5
1 281
0 5
0 5
0 5
0 5
0 5
0
0
1 283
0 5
1 141
0 5
0 10
0 10
0 10
0 10
0 10
0 10
0 10
0 10
0 10
0 40
0 10
0 10
0 10
0 10
0 10
0 10
0 10
0 10
0 10
0 5
0 5
0 5
2 500
0 5
0 5
1 286
0 5
0 5
0 5
0 5
0 5
0
0
1 298
0 5
1 146
0 5
0 10
0 10
0 10
0 10
0 10
0 10
0 10
0 10
0 10
0 40
0 10
0 10
0 10
0 10
0 10
0 10
0 10
0 10
0 10
0 5
0 5
0 5
2 515
0 5
0 5
1 291
0 5
0 5
0 5
0 5
0 5
0
0
1 313
0 5
1 151
0 5
0 10
0 10
0 10
0 10
0 10
0 10
0 10
0 10
0 10
0 40
0 10
0 10
0 10
0 10
0 10
0 10
0 10
0 10
0 10
0 5
0 5
0 5
2 530
0 5
0 5
1 296
0 5
0 5
0 5
0 5
0 5
0
1
1 0 2 70
1 258
0 5
1 226
0 5
0 10
0 10
0 10
0 10
0 10
0 10
0 10
0 10
0 10
0 40
0 10
0 10
0 10
0 10
0 10
0 10
0 10
0 10
0 10
0 5
0 5
0 5
2 545
0 5
0 5
1 301
0 5
0 5
0 5
0 5
0 5
0
0
1 273
0 5
1 231
0 5
0 10
0 10
0 10
0 10
0 10
0 10
0 10
0 10
0 10
0 40
0 10
0 10
0 10
0 10
0 10
0 10
0 10
0 10
0 10
0 5
0 5
0 5
2 560
0 5
0 5
1 306
0 5
0 5
0 5
0 5
0 5
0
0
1 288
0 5
1 236
0 5
0 10
0 10
0 10
0 10
0 10
0 10
0 10
0 10
0 10
0 40
0 10
0 10
0 10
0 10
0 10
0 10
0 10
0 10
0 10
0 5
0 5
0 5
2 575
0 5
0 5
1 311
0 5
0 5
0 5
0 5
0 5
0
0
1 303
0 5
1 241
0 5
0 10
0 10
0 10
0 10
0 10
0 10
0 10
0 10
0 10
0 40
0 10
0 10
0 10
0 10
0 10
0 10
0 10
0 10
0 10
0 5
0 5
0 5
2 590
0 5
0 5
1 316
0 5
0 5
0 5
0 5
0 5
0
0
1 318
0 5
1 246
0 5
0 10
0 10
0 10
0 10
0 10
0 10
0 10
0 10
0 10
0 40
0 10
0 10
0 10
0 10
0 10
0 10
0 10
0 10
0 10
0 5
0 5
0 5
2 605
0 5
0 5
1 321
0 5
0 5
0 5
0 5
0 5
0
0
1 333
0 5
1 251
0 5
0 10
0 10
0 10
0 10
0 10
0 10
0 10
0 10
0 10
0 40
0 10
0 10
0 10
0 10
0 10
0 10
0 10
0 10
0 10
0 5
0 5
0 5
2 620
0 5
0 5
1 326
0 5
0 5
0 5
0 5
0 5
0
0
1 348
0 5
1 256
0 5
0 10
0 10
0 10
0 10
0 10
0 10
0 10
0 10
0 10
0 40
0 10
0 10
0 10
0 10
0 10
0 10
0 10
0 10
0 10
0 5
0 5
0 5
2 635
0 5
0 5
1 331
0 5
0 5
0 5
0 5
0 5
0
0
1 363
0 5
1 261
0 5
0 10
0 10
0 10
0 10
0 10
0 10
0 10
0 10
0 10
0 40
0 10
0 10
0 10
0 10
0 10
0 10
0 10
0 10
0 10
0 5
0 5
0 5
2 650
0 5
0 5
1 336
0 5
0 5
0 5
0 5
0 5
0
0
1 378
0 5
1 266
0 5
0 10
0 10
0 10
0 10
0 10
0 10
0 10
0 10
0 10
0 40
0 10
0 10
0 10
0 10
0 10
0 10
0 10
0 10
0 10
0 5
0 5
0 5
2 665
0 5
0 5
1 341
0 5
0 5
0 5
0 5
0 5
0
0
1 393
0 5
1 271
0 5
0 10
0 10
0 10
0 10
0 10
0 10
0 10
0 10
0 10
0 40
0 10
0 10
0 10
0 10
0 10
0 10
0 10
0 10
0 10
0 5
0 5
0 5
2 680
0 5
0 5
1 346
0 5
0 5
0 5
0 5
0 5
0
0
1 408
0 5
1 276
0 5
0 10
0 10
0 10
0 10
0 10
0 10
0 10
0 10
0 10
0 40
0 10
0 10
0 10
0 10
0 10
0 10
0 10
0 10
0 10
0 5
0 5
0 5
2 695
0 5
0 5
1 351
0 5
0 5
0 5
0 5
0 5
0
0
1 423
0 5
1 281
0 5
0 10
0 10
0 10
0 10
0 10
0 10
0 10
0 10
0 10
0 40
0 10
0 10
0 10
0 10
0 10
0 10
0 10
0 10
0 10
0 5
0 5
0 5
2 710
0 5
0 5
1 356
0 5
0 5
0 5
0 5
0 5
0
0
1 438
0 5
1 286
0 5
0 10
0 10
0 10
0 10
0 10
0 10
0 10
0 10
0 10
0 40
0 10
0 10
0 10
0 10
0 10
0 10
0 10
0 10
0 10
0 5
0 5
0 5
2 725
0 5
0 5
1 361
0 5
0 5
0 5
0 5
0 5
0
0
1 453
0 5
1 291
0 5
0 10
0 10
0 10
0 10
0 10
0 10
0 10
0 10
0 10
0 40
0 10
0 10
0 10
0 10
0 10
0 10
0 10
0 10
0 10
0 5
0 5
0 5
2 740
0 5
0 5
1 366
0 5
0 5
0 5
0 5
0 5
0
0
1 468
0 5
1 296
0 5
0 10
0 10
0 10
0 10
0 10
0 10
0 10
0 10
0 10
0 40
0 10
0 10
0 10
0 10
0 10
0 10
0 10
0 10
0 10
0 5
0 5
0 5
2 755
0 5
0 5
1 371
0 5
0 5
0 5
0 5
0 5
0
0
1 483
0 5
1 301
0 5
0 10
0 10
0 10
0 10
0 10
0 10
0 10
0 10
0 10
0 40
0 10
0 10
0 10
0 10
0 10
0 10
0 10
0 10
0 10
0 5
0 5
0 5
2 770
0 5
0 5
1 376
0 5
0 5
0 5
0 5
0 5
0
0
1 498
0 5
1 306
0 5
0 10
0 10
0 10
0 10
0 10
0 10
0 10
0 10
0 10
0 40
0 10
0 10
0 10
0 10
0 10
0 10
0 10
0 10
0 10
0 5
0 5
0 5
2 785
0 5
0 5
1 381
0 5
0 5
0 5
0 5
0 5
0
0
1 513
0 5
1 311
0 5
0 10
0 10
0 10
0 10
0 10
0 10
0 10
0 10
0 10
0 40
0 10
0 10
0 10
0 10
0 10
0 10
0 10
0 10
0 10
0 5
0 5
0 5
2 800
0 5
0 5
1 386
0 5
0 5
0 5
0 5
0 5
0
0
1 528
0 5
1 316
0 5
0 10
0 10
0 10
0 10
0 10
0 10
0 10
0 10
0 10
0 40
0 10
0 10
0 10
0 10
0 10
0 10
0 10
0 10
0 10
0 5
0 5
0 5
2 815
0 5
0 5
1 391
0 5
0 5
0 5
0 5
0 5
0
0
1 543
0 5
1 321
0 5
0 10
0 10
0 10
0 10
0 10
0 10
0 10
0 10
0 10
0 40
0 10
0 10
0 10
0 10
0 10
0 10
0 10
0 10
0 10
0 5
0 5
0 5
2 830
0 5
0 5
1 396
0 5
0 5
0 5
0 5
0 5
0
0
1 558
0 5
1 326
0 5
0 10
0 10
0 10
0 10
0 10
0 10
0 10
0 10
0 10
0 40
0 10
0 10
0 10
0 10
0 10
0 10
0 10
0 10
0 10
0 5
0 5
0 5
2 845
0 5
0 5
1 401
0 5
0 5
0 5
0 5
0 5
0
0
1 573
0 5
1 331
0 5
0 10
0 10
0 10
0 10
0 10
0 10
0 10
0 10
0 10
0 40
0 10
0 10
0 10
0 10
0 10
0 10
0 10
0 10
0 10
0 5
0 5
0 5
2 860
0 5
0 5
1 406
0 5
0 5
0 5
0 5
0 5
0
0
1 588
0 5
1 336
0 5
0 10
0 10
0 10
0 10
0 10
0 10
0 10
0 10
0 10
0 40
0 10
0 10
0 10
0 10
0 10
0 10
0 10
0 10
0 10
0 5
0 5
0 5
2 875
0 5
0 5
1 411
0 5
0 5
0 5
0 5
0 5
0
0
1 603
0 5
1 341
0 5
0 10
0 10
0 10
0 10
0 10
0 10
0 10
0 10
0 10
0 40
0 10
0 10
0 10
0 10
0 10
0 10
0 10
0 10
0 10
0 5
0 5
0 5
2 890
0 5
0 5
1 416
0 5
0 5
0 5
0 5
0 5
0
0
1 618
0 5
1 346
0 5
0 10
0 10
0 10
0 10
0 10
0 10
0 10
0 10
0 10
0 40
0 10
0 10
0 10
0 10
0 10
0 10
0 10
0 10
0 10
0 5
0 5
0 5
2 905
0 5
0 5
1 421
0 5
0 5
0 5
0 5
0 5
0
0
1 633
0 5
1 351
0 5
0 10
0 10
0 10
0 10
0 10
0 10
0 10
0 10
0 10
0 40
0 10
0 10
0 10
0 10
0 10
0 10
0 10
0 10
0 10
0 5
0 5
0 5
2 920
0 5
0 5
1 426
0 5
0 5
0 5
0 5
0 5
0
0
1 648
0 5
1 356
0 5
0 10
0 10
0 10
0 10
0 10
0 10
0 10
0 10
0 10
0 40
0 10
0 10
0 10
0 10
0 10
0 10
0 10
0 10
0 10
0 5
0 5
0 5
2 935
0 5
0 5
1 431
0 5
0 5
0 5
0 5
0 5
0
0
1 663
0 5
1 361
0 5
0 10
0 10
0 10
0 10
0 10
0 10
0 10
0 10
0 10
0 40
0 10
0 10
0 10
0 10
0 10
0 10
0 10
0 10
0 10
0 5
0 5
0 5
2 950
0 5
0 5
1 436
0 5
0 5
0 5
0 5
0 5
0
0
1 678
0 5
1 366
0 5
0 10
0 10
0 10
0 10
0 10
0 10
0 10
0 10
0 10
0 40
0 10
0 10
0 10
0 10
0 10
0 10
0 10
0 10
0 10
0 5
0 5
0 5
2 965
0 5
0 5
1 441
0 5
0 5
0 5
0 5
0 5
0
0
1 693
0 5
1 371
0 5
0 10
0 10
0 10
0 10
0 10
0 10
0 10
0 10
0 10
0 40
0 10
0 10
0 10
0 10
0 10
0 10
0 10
0 10
0 10
0 5
0 5
0 5
2 980
0 5
0 5
1 446
0 5
0 5
0 5
0 5
0 5
0
0
1 708
0 5
1 376
0 5
0 10
0 10
0 10
0 10
0 10
0 10
0 10
0 10
0 10
0 40
0 10
0 10
0 10
0 10
0 10
0 10
0 10
0 10
0 10
0 5
0 5
0 5
2 995
0 5
0 5
1 451
0 5
0 5
0 5
0 5
0 5
0
0
1 723
0 5
1 381
0 5
0 10
0 10
0 10
0 10
0 10
0 10
0 10
0 10
0 10
0 40
0 10
0 10
0 10
0 10
0 10
0 10
0 10
0 10
0 10
0 5
0 5
0 5
2 1010
0 5
0 5
1 456
0 5
0 5
0 5
0 5
0 5
0
0
1 738
0 5
1 386
0 5
0 10
0 10
0 10
0 10
0 10
0 10
0 10
0 10
0 10
0 40
0 10
0 10
0 10
0 10
0 10
0 10
0 10
0 10
0 10
0 5
0 5
0 5
2 1025
0 5
0 5
1 461
0 5
0 5
0 5
0 5
0 5
0
0
1 753
0 5
1 391
0 5
0 10
0 10
0 10
0 10
0 10
0 10
0 10
0 10
0 10
0 40
0 10
0 10
0 10
0 10
0 10
0 10
0 10
0 10
0 10
0 5
0 5
0 5
2 1040
0 5
0 5
1 466
0 5
0 5
0 5
0 5
0 5
0
0
1 768
0 5
1 396
0 5
0 10
0 10
0 10
0 10
0 10
0 10
0 10
0 10
0 10
0 40
0 10
0 10
0 10
0 10
0 10
0 10
0 10
0 10
0 10
0 5
0 5
0 5
2 1055
0 5
0 5
1 471
0 5
0 5
0 5
0 5
0 5
0
0
1 783
0 5
1 401
0 5
0 10
0 10
0 10
0 10
0 10
0 10
0 10
0 10
0 10
0 40
0 10
0 10
0 10
0 10
0 10
0 10
0 10
0 10
0 10
0 5
0 5
0 5
2 1070
0 5
0 5
1 476
0 5
0 5
0 5
0 5
0 5
0
0
1 798
0 5
1 406
0 5
0 10
0 10
0 10
0 10
0 10
0 10
0 10
0 10
0 10
0 40
0 10
0 10
0 10
0 10
0 10
0 10
0 10
0 10
0 10
0 5
0 5
0 5
2 1085
0 5
0 5
1 481
0 5
0 5
0 5
0 5
0 5
0
0
1 813
0 5
1 411
0 5
0 10
0 10
0 10
0 10
0 10
0 10
0 10
0 10
0 10
0 40
0 10
0 10
0 10
0 10
0 10
0 10
0 10
0 10
0 10
0 5
0 5
0 5
2 1100
0 5
0 5
1 486
0 5
0 5
0 5
0 5
0 5
0
0
1 828
0 5
1 416
0 5
0 10
0 10
0 10
0 10
0 10
0 10
0 10
0 10
0 10
0 40
0 10
0 10
0 10
0 10
0 10
0 10
0 10
0 10
0 10
0 5
0 5
0 5
2 1115
0 5
0 5
1 491
0 5
0 5
0 5
0 5
0 5
0
0
1 843
0 5
1 421
0 5
0 10
0 10
0 10
0 10
0 10
0 10
0 10
0 10
0 10
0 40
0 10
0 10
0 10
0 10
0 10
0 10
0 10
0 10
0 10
0 5
0 5
0 5
2 1130
0 5
0 5
1 496
0 5
0 5
0 5
0 5
0 5
0
0
1 858
0 5
1 426
0 5
0 10
0 10
0 10
0 10
0 10
0 10
0 10
0 10
0 10
0 40
0 10
0 10
0 10
0 10
0 10
0 10
0 10
0 10
0 10
0 5
0 5
0 5
2 1145
0 5
0 5
1 501
0 5
0 5
0 5
0 5
0 5
0
0
1 873
0 5
1 431
0 5
0 10
0 10
0 10
0 10
0 10
0 10
0 10
0 10
0 10
0 40
0 10
0 10
0 10
0 10
0 10
0 10
0 10
0 10
0 10
0 5
0 5
0 5
2 1160
0 5
0 5
1 506
0 5
0 5
0 5
0 5
0 5
0
0
1 888
0 5
1 436
0 5
0 10
0 10
0 10
0 10
0 10
0 10
0 10
0 10
0 10
0 40
0 10
0 10
0 10
0 10
0 10
0 10
0 10
0 10
0 10
0 5
0 5
0 5
2 1175
0 5
0 5
1 511
0 5
0 5
0 5
0 5
0 5
0
0
1 903
0 5
1 441
0 5
0 10
0 10
0 10
0 10
0 10
0 10
0 10
0 10
0 10
0 40
0 10
0 10
0 10
0 10
0 10
0 10
0 10
0 10
0 10
0 5
0 5
0 5
2 1190
0 5
0 5
1 516
0 5
0 5
0 5
0 5
0 5
0
0
1 918
0 5
1 446
0 5
0 10
0 10
0 10
0 10
0 10
0 10
0 10
0 10
0 10
0 40
0 10
0 10
0 10
0 10
0 10
0 10
0 10
0 10
0 10
0 5
0 5
0 5
2 1205
0 5
0 5
1 521
0 5
0 5
0 5
0 5
0 5
0
0
1 933
0 5
1 451
0 5
0 10
0 10
0 10
0 10
0 10
0 10
0 10
0 10
0 10
0 40
0 10
0 10
0 10
0 10
0 10
0 10
0 10
0 10
0 10
0 5
0 5
0 5
2 1220
0 5
0 5
1 526
0 5
0 5
0 5
0 5
0 5
0
0
1 948
0 5
1 456
0 5
0 10
0 10
0 10
0 10
0 10
0 10
0 10
0 10
0 10
0 40
0 10
0 10
0 10
0 10
0 10
0 10
0 10
0 10
0 10
0 5
0 5
0 5
2 1235
0 5
0 5
1 531
0 5
0 5
0 5
0 5
0 5
0
0
1 963
0 5
1 461
0 5
0 10
0 10
0 10
0 10
0 10
0 10
0 10
0 10
0 10
0 40
0 10
0 10
0 10
0 10
0 10
0 10
0 10
0 10
0 10
0 5
0 5
0 5
2 1250
0 5
0 5
1 536
0 5
0 5
0 5
0 5
0 5
0
0
1 978
0 5
1 466
0 5
0 10
0 10
0 10
0 10
0 10
0 10
0 10
0 10
0 10
0 40
0 10
0 10
0 10
0 10
0 10
0 10
0 10
0 10
0 10
0 5
0 5
0 5
2 1265
0 5
0 5
1 541
0 5
0 5
0 5
0 5
0 5
0
0
1 993
0 5
1 471
0 5
0 10
0 10
0 10
0 10
0 10
0 10
0 10
0 10
0 10
0 40
0 10
0 10
0 10
0 10
0 10
0 10
0 10
0 10
0 10
0 5
0 5
0 5
2 1280
0 5
0 5
1 546
0 5
0 5
0 5
0 5
0 5
0
0
1 1008
0 5
1 476
0 5
0 10
0 10
0 10
0 10
0 10
0 10
0 10
0 10
0 10
0 40
0 10
0 10
0 10
0 10
0 10
0 10
0 10
0 10
0 10
0 5
0 5
0 5
2 1295
0 5
0 5
1 551
0 5
0 5
0 5
0 5
0 5
0
0
1 1023
0 5
1 481
0 5
0 10
0 10
0 10
0 10
0 10
0 10
0 10
0 10
0 10
0 40
0 10
0 10
0 10
0 10
0 10
0 10
0 10
0 10
0 10
0 5
0 5
0 5
2 1310
0 5
0 5
1 556
0 5
0 5
0 5
0 5
0 5
0
0
1 1038
0 5
1 486
0 5
0 10
0 10
0 10
0 10
0 10
0 10
0 10
0 10
0 10
0 40
0 10
0 10
0 10
0 10
0 10
0 10
0 10
0 10
0 10
0 5
0 5
0 5
2 1325
0 5
0 5
1 561
0 5
0 5
0 5
0 5
0 5
0
0
1 1053
0 5
1 491
0 5
0 10
0 10
0 10
0 10
0 10
0 10
0 10
0 10
0 10
0 40
0 10
0 10
0 10
0 10
0 10
0 10
0 10
0 10
0 10
0 5
0 5
0 5
2 1340
0 5
0 5
1 566
0 5
0 5
0 5
0 5
0 5
0
0
1 1068
0 5
1 496
0 5
0 10
0 10
0 10
0 10
0 10
0 10
0 10
0 10
0 10
0 40
0 10
0 10
0 10
0 10
0 10
0 10
0 10
0 10
0 10
0 5
0 5
0 5
2 1355
0 5
0 5
1 571
0 5
0 5
0 5
0 5
0 5
0
0
1 1083
0 5
1 501
0 5
0 10
0 10
0 10
0 10
0 10
0 10
0 10
0 10
0 10
0 40
0 10
0 10
0 10
0 10
0 10
0 10
0 10
0 10
0 10
0 5
0 5
0 5
2 1370
0 5
0 5
1 576
0 5
0 5
0 5
0 5
0 5
0
0
1 1098
0 5
1 506
0 5
0 10
0 10
0 10
0 10
0 10
0 10
0 10
0 10
0 10
0 40
0 10
0 10
0 10
0 10
0 10
0 10
0 10
0 10
0 10
0 5
0 5
0 5
2 1385
0 5
0 5
1 581
0 5
0 5
0 5
0 5
0 5
0
0
1 1113
0 5
1 511
0 5
0 10
0 10
0 10
0 10
0 10
0 10
0 10
0 10
0 10
0 40
0 10
0 10
0 10
0 10
0 10
0 10
0 10
0 10
0 10
0 5
0 5
0 5
2 1400
0 5
0 5
1 586
0 5
0 5
0 5
0 5
0 5
0
0
1 1128
0 5
1 516
0 5
0 10
0 10
0 10
0 10
0 10
0 10
0 10
0 10
0 10
0 40
0 10
0 10
0 10
0 10
0 10
0 10
0 10
0 10
0 10
0 5
0 5
0 5
2 1415
0 5
0 5
1 591
0 5
0 5
0 5
0 5
0 5
0
0
1 1143
0 5
1 521
0 5
0 10
0 10
0 10
0 10
0 10
0 10
0 10
0 10
0 10
0 40
0 10
0 10
0 10
0 10
0 10
0 10
0 10
0 10
0 10
0 5
0 5
0 5
2 1430
0 5
0 5
1 596
0 5
0 5
0 5
0 5
0 5
0
0
1 1158
0 5
1 526
0 5
0 10
0 10
0 10
0 10
0 10
0 10
0 10
0 10
0 10
0 40
0 10
0 10
0 10
0 10
0 10
0 10
0 10
0 10
0 10
0 5
0 5
0 5
2 1445
0 5
0 5
1 601
0 5
0 5
0 5
0 5
0 5
0
0
1 1173
0 5
1 531
0 5
0 10
0 10
0 10
0 10
0 10
0 10
0 10
0 10
0 10
0 40
0 10
0 10
0 10
0 10
0 10
0 10
0 10
0 10
0 10
0 5
0 5
0 5
2 1460
0 5
0 5
1 606
0 5
0 5
0 5
0 5
0 5
0
0
1 1188
0 5
1 536
0 5
0 10
0 10
0 10
0 10
0 10
0 10
0 10
0 10
0 10
0 40
0 10
0 10
0 10
0 10
0 10
0 10
0 10
0 10
0 10
0 5
0 5
0 5
2 1475
0 5
0 5
1 611
0 5
0 5
0 5
0 5
0 5
0
0
1 1203
0 5
1 541
0 5
0 10
0 10
0 10
0 10
0 10
0 10
0 10
0 10
0 10
0 40
0 10
0 10
0 10
0 10
0 10
0 10
0 10
0 10
0 10
0 5
0 5
0 5
2 1490
0 5
0 5
1 616
0 5
0 5
0 5
0 5
0 5
0
0
1 1218
0 5
1 546
0 5
0 10
0 10
0 10
0 10
0 10
0 10
0 10
0 10
0 10
0 40
0 10
0 10
0 10
0 10
0 10
0 10
0 10
0 10
0 10
0 5
0 5
0 5
2 1505
0 5
0 5
1 621
0 5
0 5
0 5
0 5
0 5
0
0
1 1233
0 5
1 551
0 5
0 10
0 10
0 10
0 10
0 10
0 10
0 10
0 10
0 10
0 40
0 10
0 10
0 10
0 10
0 10
0 10
0 10
0 10
0 10
0 5
0 5
0 5
2 1520
0 5
0 5
1 626
0 5
0 5
0 5
0 5
0 5
0
0
1 1248
0 5
1 556
0 5
0 10
0 10
0 10
0 10
0 10
0 10
0 10
0 10
0 10
0 40
0 10
0 10
0 10
0 10
0 10
0 10
0 10
0 10
0 10
0 5
0 5
0 5
2 1535
0 5
0 5
1 631
0 5
0 5
0 5
0 5
0 5
0
0
1 1263
0 5
1 561
0 5
0 10
0 10
0 10
0 10
0 10
0 10
0 10
0 10
0 10
0 40
0 10
0 10
0 10
0 10
0 10
0 10
0 10
0 10
0 10
0 5
0 5
0 5
2 1550
0 5
0 5
1 636
0 5
0 5
0 5
0 5
0 5
0
0
1 1278
0 5
1 566
0 5
0 10
0 10
0 10
0 10
0 10
0 10
0 10
0 10
0 10
0 40
0 10
0 10
0 10
0 10
0 10
0 10
0 10
0 10
0 10
0 5
0 5
0 5
2 1565
0 5
0 5
1 641
0 5
0 5
0 5
0 5
0 5
0
1
1 0 27 100
1 1193
0 5
1 571
0 5
0 10
0 10
0 10
0 10
0 10
0 10
0 10
0 10
0 10
0 40
0 10
0 10
0 10
0 10
0 10
0 10
0 10
0 10
0 10
0 5
0 5
0 5
2 1580
1 100
0 5
1 646
0 5
0 5
0 5
0 5
0 5
0
0
1 1208
0 5
1 576
0 5
0 10
0 10
0 10
0 10
0 10
0 10
0 10
0 10
0 10
0 40
0 10
0 10
0 10
0 10
0 10
0 10
0 10
0 10
0 10
0 5
0 5
0 5
2 1595
1 105
0 5
1 651
0 5
0 5
0 5
0 5
0 5
0
0
1 1223
0 5
1 581
0 5
0 10
0 10
0 10
0 10
0 10
0 10
0 10
0 10
0 10
0 40
0 10
0 10
0 10
0 10
0 10
0 10
0 10
0 10
0 10
0 5
0 5
0 5
2 1610
1 110
0 5
1 656
0 5
0 5
0 5
0 5
0 5
0
1
1 0 29 100
1 1138
0 5
1 586
0 5
0 10
0 10
0 10
0 10
0 10
0 10
0 10
0 10
0 10
0 40
0 10
0 10
0 10
0 10
0 10
0 10
0 10
0 10
0 10
0 5
0 5
0 5
2 1625
1 115
0 5
1 761
0 5
0 5
0 5
0 5
0 5
0
0
1 1153
0 5
1 591
0 5
0 10
0 10
0 10
0 10
0 10
0 10
0 10
0 10
0 10
0 40
0 10
0 10
0 10
0 10
0 10
0 10
0 10
0 10
0 10
0 5
0 5
0 5
2 1640
1 120
0 5
1 766
0 5
0 5
0 5
0 5
0 5
0
0
1 1168
0 5
1 596
0 5
0 10
0 10
0 10
0 10
0 10
0 10
0 10
0 10
0 10
0 40
0 10
0 10
0 10
0 10
0 10
0 10
0 10
0 10
0 10
0 5
0 5
0 5
2 1655
1 125
0 5
1 771
0 5
0 5
0 5
0 5
0 5
0
1
1 0 2 27
1 1156
0 5
1 628
0 5
0 10
0 10
0 10
0 10
0 10
0 10
0 10
0 10
0 10
0 40
0 10
0 10
0 10
0 10
0 10
0 10
0 10
0 10
0 10
0 5
0 5
0 5
2 1670
1 130
0 5
1 776
0 5
0 5
0 5
0 5
0 5
0
0
1 1171
0 5
1 633
0 5
0 10
0 10
0 10
0 10
0 10
0 10
0 10
0 10
0 10
0 40
0 10
0 10
0 10
0 10
0 10
0 10
0 10
0 10
0 10
0 5
0 5
0 5
2 1685
1 135
0 5
1 781
0 5
0 5
0 5
0 5
0 5
0
0
1 1186
0 5
1 638
0 5
0 10
0 10
0 10
0 10
0 10
0 10
0 10
0 10
0 10
0 40
0 10
0 10
0 10
0 10
0 10
0 10
0 10
0 10
0 10
0 5
0 5
0 5
2 1700
1 140
0 5
1 786
0 5
0 5
0 5
0 5
0 5
0
0
1 1201
0 5
1 643
0 5
0 10
0 10
0 10
0 10
0 10
0 10
0 10
0 10
0 10
0 40
0 10
0 10
0 10
0 10
0 10
0 10
0 10
0 10
0 10
0 5
0 5
0 5
2 1715
1 145
0 5
1 791
0 5
0 5
0 5
0 5
0 5
0
0
1 1216
0 5
1 648
0 5
0 10
0 10
0 10
0 10
0 10
0 10
0 10
0 10
0 10
0 40
0 10
0 10
0 10
0 10
0 10
0 10
0 10
0 10
0 10
0 5
0 5
0 5
2 1730
1 150
0 5
1 796
0 5
0 5
0 5
0 5
0 5
0
0
1 1231
0 5
1 653
0 5
0 10
0 10
0 10
0 10
0 10
0 10
0 10
0 10
0 10
0 40
0 10
0 10
0 10
0 10
0 10
0 10
0 10
0 10
0 10
0 5
0 5
0 5
2 1745
1 155
0 5
1 801
0 5
0 5
0 5
0 5
0 5
0
0
1 1246
0 5
1 658
0 5
0 10
0 10
0 10
0 10
0 10
0 10
0 10
0 10
0 10
0 40
0 10
0 10
0 10
0 10
0 10
0 10
0 10
0 10
0 10
0 5
0 5
0 5
2 1760
1 160
0 5
1 806
0 5
0 5
0 5
0 5
0 5
0
0
1 1261
0 5
1 663
0 5
0 10
0 10
0 10
0 10
0 10
0 10
0 10
0 10
0 10
0 40
0 10
0 10
0 10
0 10
0 10
0 10
0 10
0 10
0 10
0 5
0 5
0 5
2 1775
1 165
0 5
1 811
0 5
0 5
0 5
0 5
0 5
0
0
1 1276
0 5
1 668
0 5
0 10
0 10
0 10
0 10
0 10
0 10
0 10
0 10
0 10
0 40
0 10
0 10
0 10
0 10
0 10
0 10
0 10
0 10
0 10
0 5
0 5
0 5
2 1790
1 170
0 5
1 816
0 5
0 5
0 5
0 5
0 5
0
0
1 1291
0 5
1 673
0 5
0 10
0 10
0 10
0 10
0 10
0 10
0 10
0 10
0 10
0 40
0 10
0 10
0 10
0 10
0 10
0 10
0 10
0 10
0 10
0 5
0 5
0 5
2 1805
1 175
0 5
1 821
0 5
0 5
0 5
0 5
0 5
0
0
1 1306
0 5
1 678
0 5
0 10
0 10
0 10
0 10
0 10
0 10
0 10
0 10
0 10
0 40
0 10
0 10
0 10
0 10
0 10
0 10
0 10
0 10
0 10
0 5
0 5
0 5
2 1820
1 180
0 5
1 826
0 5
0 5
0 5
0 5
0 5
0
0
1 1321
0 5
1 683
0 5
0 10
0 10
0 10
0 10
0 10
0 10
0 10
0 10
0 10
0 40
0 10
0 10
0 10
0 10
0 10
0 10
0 10
0 10
0 10
0 5
0 5
0 5
2 1835
1 185
0 5
1 831
0 5
0 5
0 5
0 5
0 5
0
0
1 1336
0 5
1 688
0 5
0 10
0 10
0 10
0 10
0 10
0 10
0 10
0 10
0 10
0 40
0 10
0 10
0 10
0 10
0 10
0 10
0 10
0 10
0 10
0 5
0 5
0 5
2 1850
1 190
0 5
1 836
0 5
0 5
0 5
0 5
0 5
0
0
1 1351
0 5
1 693
0 5
0 10
0 10
0 10
0 10
0 10
0 10
0 10
0 10
0 10
0 40
0 10
0 10
0 10
0 10
0 10
0 10
0 10
0 10
0 10
0 5
0 5
0 5
2 1865
1 195
0 5
1 841
0 5
0 5
0 5
0 5
0 5
0
0
1 1366
0 5
1 698
0 5
0 10
0 10
0 10
0 10
0 10
0 10
0 10
0 10
0 10
0 40
0 10
0 10
0 10
0 10
0 10
0 10
0 10
0 10
0 10
0 5
0 5
0 5
2 1880
1 200
0 5
1 846
0 5
0 5
0 5
0 5
0 5
0
0
1 1381
0 5
1 703
0 5
0 10
0 10
0 10
0 10
0 10
0 10
0 10
0 10
0 10
0 40
0 10
0 10
0 10
0 10
0 10
0 10
0 10
0 10
0 10
0 5
0 5
0 5
2 1895
1 205
0 5
1 851
0 5
0 5
0 5
0 5
0 5
0
0
1 1396
0 5
1 708
0 5
0 10
0 10
0 10
0 10
0 10
0 10
0 10
0 10
0 10
0 40
0 10
0 10
0 10
0 10
0 10
0 10
0 10
0 10
0 10
0 5
0 5
0 5
2 1910
1 210
0 5
1 856
0 5
0 5
0 5
0 5
0 5
0
0
1 1411
0 5
1 713
0 5
0 10
0 10
0 10
0 10
0 10
0 10
0 10
0 10
0 10
0 40
0 10
0 10
0 10
0 10
0 10
0 10
0 10
0 10
0 10
0 5
0 5
0 5
2 1925
1 215
0 5
1 861
0 5
0 5
0 5
0 5
0 5
0
0
1 1426
0 5
1 718
0 5
0 10
0 10
0 10
0 10
0 10
0 10
0 10
0 10
0 10
0 40
0 10
0 10
0 10
0 10
0 10
0 10
0 10
0 10
0 10
0 5
0 5
0 5
2 1940
1 220
0 5
1 866
0 5
0 5
0 5
0 5
0 5
0
0
1 1441
0 5
1 723
0 5
0 10
0 10
0 10
0 10
0 10
0 10
0 10
0 10
0 10
0 40
0 10
0 10
0 10
0 10
0 10
0 10
0 10
0 10
0 10
0 5
0 5
0 5
2 1955
1 225
0 5
1 871
0 5
0 5
0 5
0 5
0 5
0
0
1 1456
0 5
1 728
0 5
0 10
0 10
0 10
0 10
0 10
0 10
0 10
0 10
0 10
0 40
0 10
0 10
0 10
0 10
0 10
0 10
0 10
0 10
0 10
0 5
0 5
0 5
2 1970
1 230
0 5
1 876
0 5
0 5
0 5
0 5
0 5
0
0
1 1471
0 5
1 733
0 5
0 10
0 10
0 10
0 10
0 10
0 10
0 10
0 10
0 10
0 40
0 10
0 10
0 10
0 10
0 10
0 10
0 10
0 10
0 10
0 5
0 5
0 5
2 1985
1 235
0 5
1 881
0 5
0 5
0 5
0 5
0 5
0
0
1 1486
0 5
1 738
0 5
0 10
0 10
0 10
0 10
0 10
0 10
0 10
0 10
0 10
0 40
0 10
0 10
0 10
0 10
0 10
0 10
0 10
0 10
0 10
0 5
0 5
0 5
2 2000
1 240
0 5
1 886
0 5
0 5
0 5
0 5
0 5
0
0
1 1501
0 5
1 743
0 5
0 10
0 10
0 10
0 10
0 10
0 10
0 10
0 10
0 10
0 40
0 10
0 10
0 10
0 10
0 10
0 10
0 10
0 10
0 10
0 5
0 5
0 5
2 2015
1 245
0 5
1 891
0 5
0 5
0 5
0 5
0 5
0
0
1 1516
0 5
1 748
0 5
0 10
0 10
0 10
0 10
0 10
0 10
0 10
0 10
0 10
0 40
0 10
0 10
0 10
0 10
0 10
0 10
0 10
0 10
0 10
0 5
0 5
0 5
2 2030
1 250
0 5
1 896
0 5
0 5
0 5
0 5
0 5
0
0
1 1531
0 5
1 753
0 5
0 10
0 10
0 10
0 10
0 10
0 10
0 10
0 10
0 10
0 40
0 10
0 10
0 10
0 10
0 10
0 10
0 10
0 10
0 10
0 5
0 5
0 5
2 2045
1 255
0 5
1 901
0 5
0 5
0 5
0 5
0 5
0
0
1 1546
0 5
1 758
0 5
0 10
0 10
0 10
0 10
0 10
0 10
0 10
0 10
0 10
0 40
0 10
0 10
0 10
0 10
0 10
0 10
0 10
0 10
0 10
0 5
0 5
0 5
2 2060
1 260
0 5
1 906
0 5
0 5
0 5
0 5
0 5
0
0
1 1561
0 5
1 763
0 5
0 10
0 10
0 10
0 10
0 10
0 10
0 10
0 10
0 10
0 40
0 10
0 10
0 10
0 10
0 10
0 10
0 10
0 10
0 10
0 5
0 5
0 5
2 2075
1 265
0 5
1 911
0 5
0 5
0 5
0 5
0 5
0
0
1 1576
0 5
1 768
0 5
0 10
0 10
0 10
0 10
0 10
0 10
0 10
0 10
0 10
0 40
0 10
0 10
0 10
0 10
0 10
0 10
0 10
0 10
0 10
0 5
0 5
0 5
2 2090
1 270
0 5
1 916
0 5
0 5
0 5
0 5
0 5
0
0
1 1591
0 5
1 773
0 5
0 10
0 10
0 10
0 10
0 10
0 10
0 10
0 10
0 10
0 40
0 10
0 10
0 10
0 10
0 10
0 10
0 10
0 10
0 10
0 5
0 5
0 5
2 2105
1 275
0 5
1 921
0 5
0 5
0 5
0 5
0 5
0
0
1 1606
0 5
1 778
0 5
0 10
0 10
0 10
0 10
0 10
0 10
0 10
0 10
0 10
0 40
0 10
0 10
0 10
0 10
0 10
0 10
0 10
0 10
0 10
0 5
0 5
0 5
2 2120
1 280
0 5
1 926
0 5
0 5
0 5
0 5
0 5
0
0
1 1621
0 5
1 783
0 5
0 10
0 10
0 10
0 10
0 10
0 10
0 10
0 10
0 10
0 40
0 10
0 10
0 10
0 10
0 10
0 10
0 10
0 10
0 10
0 5
0 5
0 5
2 2135
1 285
0 5
1 931
0 5
0 5
0 5
0 5
0 5
0
0
1 1636
0 5
1 788
0 5
0 10
0 10
0 10
0 10
0 10
0 10
0 10
0 10
0 10
0 40
0 10
0 10
0 10
0 10
0 10
0 10
0 10
0 10
0 10
0 5
0 5
0 5
2 2150
1 290
0 5
1 936
0 5
0 5
0 5
0 5
0 5
0
0
1 1651
0 5
1 793
0 5
0 10
0 10
0 10
0 10
0 10
0 10
0 10
0 10
0 10
0 40
0 10
0 10
0 10
0 10
0 10
0 10
0 10
0 10
0 10
0 5
0 5
0 5
2 2165
1 295
0 5
1 941
0 5
0 5
0 5
0 5
0 5
0
0
1 1666
0 5
1 798
0 5
0 10
0 10
0 10
0 10
0 10
0 10
0 10
0 10
0 10
0 40
0 10
0 10
0 10
0 10
0 10
0 10
0 10
0 10
0 10
0 5
0 5
0 5
2 2180
1 300
0 5
1 946
0 5
0 5
0 5
0 5
0 5
0
0
1 1681
0 5
1 803
0 5
0 10
0 10
0 10
0 10
0 10
0 10
0 10
0 10
0 10
0 40
0 10
0 10
0 10
0 10
0 10
0 10
0 10
0 10
0 10
0 5
0 5
0 5
2 2195
1 305
0 5
1 951
0 5
0 5
0 5
0 5
0 5
0
0
1 1696
0 5
1 808
0 5
0 10
0 10
0 10
0 10
0 10
0 10
0 10
0 10
0 10
0 40
0 10
0 10
0 10
0 10
0 10
0 10
0 10
0 10
0 10
0 5
0 5
0 5
2 2210
1 310
0 5
1 956
0 5
0 5
0 5
0 5
0 5
0
0
1 1711
0 5
1 813
0 5
0 10
0 10
0 10
0 10
0 10
0 10
0 10
0 10
0 10
0 40
0 10
0 10
0 10
0 10
0 10
0 10
0 10
0 10
0 10
0 5
0 5
0 5
2 2225
1 315
0 5
1 961
0 5
0 5
0 5
0 5
0 5
0
0
1 1726
0 5
1 818
0 5
0 10
0 10
0 10
0 10
0 10
0 10
0 10
0 10
0 10
0 40
0 10
0 10
0 10
0 10
0 10
0 10
0 10
0 10
0 10
0 5
0 5
0 5
2 2240
1 320
0 5
1 966
0 5
0 5
0 5
0 5
0 5
0
0
1 1741
0 5
1 823
0 5
0 10
0 10
0 10
0 10
0 10
0 10
0 10
0 10
0 10
0 40
0 10
0 10
0 10
0 10
0 10
0 10
0 10
0 10
0 10
0 5
0 5
0 5
2 2255
1 325
0 5
1 971
0 5
0 5
0 5
0 5
0 5
0
0
1 1756
0 5
1 828
0 5
0 10
0 10
0 10
0 10
0 10
0 10
0 10
0 10
0 10
0 40
0 10
0 10
0 10
0 10
0 10
0 10
0 10
0 10
0 10
0 5
0 5
0 5
2 2270
1 330
0 5
1 976
0 5
0 5
0 5
0 5
0 5
0
0
1 1771
0 5
1 833
0 5
0 10
0 10
0 10
0 10
0 10
0 10
0 10
0 10
0 10
0 40
0 10
0 10
0 10
0 10
0 10
0 10
0 10
0 10
0 10
0 5
0 5
0 5
2 2285
1 335
0 5
1 981
0 5
0 5
0 5
0 5
0 5
0
0
1 1786
0 5
1 838
0 5
0 10
0 10
0 10
0 10
0 10
0 10
0 10
0 10
0 10
0 40
0 10
0 10
0 10
0 10
0 10
0 10
0 10
0 10
0 10
0 5
0 5
0 5
2 2300
1 340
0 5
1 986
0 5
0 5
0 5
0 5
0 5
0
0
1 1801
0 5
1 843
0 5
0 10
0 10
0 10
0 10
0 10
0 10
0 10
0 10
0 10
0 40
0 10
0 10
0 10
0 10
0 10
0 10
0 10
0 10
0 10
0 5
0 5
0 5
2 2315
1 345
0 5
1 991
0 5
0 5
0 5
0 5
0 5
0
0
1 1816
0 5
1 848
0 5
0 10
0 10
0 10
0 10
0 10
0 10
0 10
0 10
0 10
0 40
0 10
0 10
0 10
0 10
0 10
0 10
0 10
0 10
0 10
0 5
0 5
0 5
2 2330
1 350
0 5
1 996
0 5
0 5
0 5
0 5
0 5
0
0
1 1831
0 5
1 853
0 5
0 10
0 10
0 10
0 10
0 10
0 10
0 10
0 10
0 10
0 40
0 10
0 10
0 10
0 10
0 10
0 10
0 10
0 10
0 10
0 5
0 5
0 5
2 2345
1 355
0 5
1 1001
0 5
0 5
0 5
0 5
0 5
0
0
1 1846
0 5
1 858
0 5
0 10
0 10
0 10
0 10
0 10
0 10
0 10
0 10
0 10
0 40
0 10
0 10
0 10
0 10
0 10
0 10
0 10
0 10
0 10
0 5
0 5
0 5
2 2360
1 360
0 5
1 1006
0 5
0 5
0 5
0 5
0 5
0
0
1 1861
0 5
1 863
0 5
0 10
0 10
0 10
0 10
0 10
0 10
0 10
0 10
0 10
0 40
0 10
0 10
0 10
0 10
0 10
0 10
0 10
0 10
0 10
0 5
0 5
0 5
2 2375
1 365
0 5
1 1011
0 5
0 5
0 5
0 5
0 5
0
0
1 1876
0 5
1 868
0 5
0 10
0 10
0 10
0 10
0 10
0 10
0 10
0 10
0 10
0 40
0 10
0 10
0 10
0 10
0 10
0 10
0 10
0 10
0 10
0 5
0 5
0 5
2 2390
1 370
0 5
1 1016
0 5
0 5
0 5
0 5
0 5
0
0
1 1891
0 5
1 873
0 5
0 10
0 10
0 10
0 10
0 10
0 10
0 10
0 10
0 10
0 40
0 10
0 10
0 10
0 10
0 10
0 10
0 10
0 10
0 10
0 5
0 5
0 5
2 2405
1 375
0 5
1 1021
0 5
0 5
0 5
0 5
0 5
0
0
1 1906
0 5
1 878
0 5
0 10
0 10
0 10
0 10
0 10
0 10
0 10
0 10
0 10
0 40
0 10
0 10
0 10
0 10
0 10
0 10
0 10
0 10
0 10
0 5
0 5
0 5
2 2420
1 380
0 5
1 1026
0 5
0 5
0 5
0 5
0 5
0
0
1 1921
0 5
1 883
0 5
0 10
0 10
0 10
0 10
0 10
0 10
0 10
0 10
0 10
0 40
0 10
0 10
0 10
0 10
0 10
0 10
0 10
0 10
0 10
0 5
0 5
0 5
2 2435
1 385
0 5
1 1031
0 5
0 5
0 5
0 5
0 5
0
0
1 1936
0 5
1 888
0 5
0 10
0 10
0 10
0 10
0 10
0 10
0 10
0 10
0 10
0 40
0 10
0 10
0 10
0 10
0 10
0 10
0 10
0 10
0 10
0 5
0 5
0 5
2 2450
1 390
0 5
1 1036
0 5
0 5
0 5
0 5
0 5
0
0
1 1951
0 5
1 893
0 5
0 10
0 10
0 10
0 10
0 10
0 10
0 10
0 10
0 10
0 40
0 10
0 10
0 10
0 10
0 10
0 10
0 10
0 10
0 10
0 5
0 5
0 5
2 2465
1 395
0 5
1 1041
0 5
0 5
0 5
0 5
0 5
0
0
1 1966
0 5
1 898
0 5
0 10
0 10
0 10
0 10
0 10
0 10
0 10
0 10
0 10
0 40
0 10
0 10
0 10
0 10
0 10
0 10
0 10
0 10
0 10
0 5
0 5
0 5
2 2480
1 400
0 5
1 1046
0 5
0 5
0 5
0 5
0 5
0
0
1 1981
0 5
1 903
0 5
0 10
0 10
0 10
0 10
0 10
0 10
0 10
0 10
0 10
0 40
0 10
0 10
0 10
0 10
0 10
0 10
0 10
0 10
0 10
0 5
0 5
0 5
2 2495
1 405
0 5
1 1051
0 5
0 5
0 5
0 5
0 5
0
0
1 1996
0 5
1 908
0 5
0 10
0 10
0 10
0 10
0 10
0 10
0 10
0 10
0 10
0 40
0 10
0 10
0 10
0 10
0 10
0 10
0 10
0 10
0 10
0 5
0 5
0 5
2 2510
1 410
0 5
1 1056
0 5
0 5
0 5
0 5
0 5
0
0
1 2011
0 5
1 913
0 5
0 10
0 10
0 10
0 10
0 10
0 10
0 10
0 10
0 10
0 40
0 10
0 10
0 10
0 10
0 10
0 10
0 10
0 10
0 10
0 5
0 5
0 5
2 2525
1 415
0 5
1 1061
0 5
0 5
0 5
0 5
0 5
0
0
1 2026
0 5
1 918
0 5
0 10
0 10
0 10
0 10
0 10
0 10
0 10
0 10
0 10
0 40
0 10
0 10
0 10
0 10
0 10
0 10
0 10
0 10
0 10
0 5
0 5
0 5
2 2540
1 420
0 5
1 1066
0 5
0 5
0 5
0 5
0 5
0
0
1 2041
0 5
1 923
0 5
0 10
0 10
0 10
0 10
0 10
0 10
0 10
0 10
0 10
0 40
0 10
0 10
0 10
0 10
0 10
0 10
0 10
0 10
0 10
0 5
0 5
0 5
2 2555
1 425
0 5
1 1071
0 5
0 5
0 5
0 5
0 5
0
0
1 2056
0 5
1 928
0 5
0 10
0 10
0 10
0 10
0 10
0 10
0 10
0 10
0 10
0 40
0 10
0 10
0 10
0 10
0 10
0 10
0 10
0 10
0 10
0 5
0 5
0 5
2 2570
1 430
0 5
1 1076
0 5
0 5
0 5
0 5
0 5
0
0
1 2071
0 5
1 933
0 5
0 10
0 10
0 10
0 10
0 10
0 10
0 10
0 10
0 10
0 40
0 10
0 10
0 10
0 10
0 10
0 10
0 10
0 10
0 10
0 5
0 5
0 5
2 2585
1 435
0 5
1 1081
0 5
0 5
0 5
0 5
0 5
0
0
1 2086
0 5
1 938
0 5
0 10
0 10
0 10
0 10
0 10
0 10
0 10
0 10
0 10
0 40
0 10
0 10
0 10
0 10
0 10
0 10
0 10
0 10
0 10
0 5
0 5
0 5
2 2600
1 440
0 5
1 1086
0 5
0 5
0 5
0 5
0 5
0
0
1 2101
0 5
1 943
0 5
0 10
0 10
0 10
0 10
0 10
0 10
0 10
0 10
0 10
0 40
0 10
0 10
0 10
0 10
0 10
0 10
0 10
0 10
0 10
0 5
0 5
0 5
2 2615
1 445
0 5
1 1091
0 5
0 5
0 5
0 5
0 5
0
0
1 2116
0 5
1 948
0 5
0 10
0 10
0 10
0 10
0 10
0 10
0 10
0 10
0 10
0 40
0 10
0 10
0 10
0 10
0 10
0 10
0 10
0 10
0 10
0 5
0 5
0 5
2 2630
1 450
0 5
1 1096
0 5
0 5
0 5
0 5
0 5
0
0
1 2131
0 5
1 953
0 5
0 10
0 10
0 10
0 10
0 10
0 10
0 10
0 10
0 10
0 40
0 10
0 10
0 10
0 10
0 10
0 10
0 10
0 10
0 10
0 5
0 5
0 5
2 2645
1 455
0 5
1 1101
0 5
0 5
0 5
0 5
0 5
0
0
1 2146
0 5
1 958
0 5
0 10
0 10
0 10
0 10
0 10
0 10
0 10
0 10
0 10
0 40
0 10
0 10
0 10
0 10
0 10
0 10
0 10
0 10
0 10
0 5
0 5
0 5
2 2660
1 460
0 5
1 1106
0 5
0 5
0 5
0 5
0 5
0
0
1 2161
0 5
1 963
0 5
0 10
0 10
0 10
0 10
0 10
0 10
0 10
0 10
0 10
0 40
0 10
0 10
0 10
0 10
0 10
0 10
0 10
0 10
0 10
0 5
0 5
0 5
2 2675
1 465
0 5
1 1111
0 5
0 5
0 5
0 5
0 5
0
0
1 2176
0 5
1 968
0 5
0 10
0 10
0 10
0 10
0 10
0 10
0 10
0 10
0 10
0 40
0 10
0 10
0 10
0 10
0 10
0 10
0 10
0 10
0 10
0 5
0 5
0 5
2 2690
1 470
0 5
1 1116
0 5
0 5
0 5
0 5
0 5
0
0
1 2191
0 5
1 973
0 5
0 10
0 10
0 10
0 10
0 10
0 10
0 10
0 10
0 10
0 40
0 10
0 10
0 10
0 10
0 10
0 10
0 10
0 10
0 10
0 5
0 5
0 5
2 2705
1 475
0 5
1 1121
0 5
0 5
0 5
0 5
0 5
0
0
1 2206
0 5
1 978
0 5
0 10
0 10
0 10
0 10
0 10
0 10
0 10
0 10
0 10
0 40
0 10
0 10
0 10
0 10
0 10
0 10
0 10
0 10
0 10
0 5
0 5
0 5
2 2720
1 480
0 5
1 1126
0 5
0 5
0 5
0 5
0 5
0
0
1 2221
0 5
1 983
0 5
0 10
0 10
0 10
0 10
0 10
0 10
0 10
0 10
0 10
0 40
0 10
0 10
0 10
0 10
0 10
0 10
0 10
0 10
0 10
0 5
0 5
0 5
2 2735
1 485
0 5
1 1131
0 5
0 5
0 5
0 5
0 5
0
0
1 2236
0 5
1 988
0 5
0 10
0 10
0 10
0 10
0 10
0 10
0 10
0 10
0 10
0 40
0 10
0 10
0 10
0 10
0 10
0 10
0 10
0 10
0 10
0 5
0 5
0 5
2 2750
1 490
0 5
1 1136
0 5
0 5
0 5
0 5
0 5
0
0
1 2251
0 5
1 993
0 5
0 10
0 10
0 10
0 10
0 10
0 10
0 10
0 10
0 10
0 40
0 10
0 10
0 10
0 10
0 10
0 10
0 10
0 10
0 10
0 5
0 5
0 5
2 2765
1 495
0 5
1 1141
0 5
0 5
0 5
0 5
0 5
0
0
1 2266
0 5
1 998
0 5
0 10
0 10
0 10
0 10
0 10
0 10
0 10
0 10
0 10
0 40
0 10
0 10
0 10
0 10
0 10
0 10
0 10
0 10
0 10
0 5
0 5
0 5
2 2780
1 500
0 5
1 1146
0 5
0 5
0 5
0 5
0 5
0
0
1 2281
0 5
1 1003
0 5
0 10
0 10
0 10
0 10
0 10
0 10
0 10
0 10
0 10
0 40
0 10
0 10
0 10
0 10
0 10
0 10
0 10
0 10
0 10
0 5
0 5
0 5
2 2795
1 505
0 5
1 1151
0 5
0 5
0 5
0 5
0 5
0
0
1 2296
0 5
1 1008
0 5
0 10
0 10
0 10
0 10
0 10
0 10
0 10
0 10
0 10
0 40
0 10
0 10
0 10
0 10
0 10
0 10
0 10
0 10
0 10
0 5
0 5
0 5
2 2810
1 510
0 5
1 1156
0 5
0 5
0 5
0 5
0 5
0
0
1 2311
0 5
1 1013
0 5
0 10
0 10
0 10
0 10
0 10
0 10
0 10
0 10
0 10
0 40
0 10
0 10
0 10
0 10
0 10
0 10
0 10
0 10
0 10
0 5
0 5
0 5
2 2825
1 515
0 5
1 1161
0 5
0 5
0 5
0 5
0 5
0
0
1 2326
0 5
1 1018
0 5
0 10
0 10
0 10
0 10
0 10
0 10
0 10
0 10
0 10
0 40
0 10
0 10
0 10
0 10
0 10
0 10
0 10
0 10
0 10
0 5
0 5
0 5
2 2840
1 520
0 5
1 1166
0 5
0 5
0 5
0 5
0 5
0
0
1 2341
0 5
1 1023
0 5
0 10
0 10
0 10
0 10
0 10
0 10
0 10
0 10
0 10
0 40
0 10
0 10
0 10
0 10
0 10
0 10
0 10
0 10
0 10
0 5
0 5
0 5
2 2855
1 525
0 5
1 1171
0 5
0 5
0 5
0 5
0 5
0
0
1 2356
0 5
1 1028
0 5
0 10
0 10
0 10
0 10
0 10
0 10
0 10
0 10
0 10
0 40
0 10
0 10
0 10
0 10
0 10
0 10
0 10
0 10
0 10
0 5
0 5
0 5
2 2870
1 530
0 5
1 1176
0 5
0 5
0 5
0 5
0 5
0
0
1 2371
0 5
1 1033
0 5
0 10
0 10
0 10
0 10
0 10
0 10
0 10
0 10
0 10
0 40
0 10
0 10
0 10
0 10
0 10
0 10
0 10
0 10
0 10
0 5
0 5
0 5
2 2885
1 535
0 5
1 1181
0 5
0 5
0 5
0 5
0 5
0
0
1 2386
0 5
1 1038
0 5
0 10
0 10
0 10
0 10
0 10
0 10
0 10
0 10
0 10
0 40
0 10
0 10
0 10
0 10
0 10
0 10
0 10
0 10
0 10
0 5
0 5
0 5
2 2900
1 540
0 5
1 1186
0 5
0 5
0 5
0 5
0 5
0
0
1 2401
0 5
1 1043
0 5
0 10
0 10
0 10
0 10
0 10
0 10
0 10
0 10
0 10
0 40
0 10
0 10
0 10
0 10
0 10
0 10
0 10
0 10
0 10
0 5
0 5
0 5
2 2915
1 545
0 5
1 1191
0 5
0 5
0 5
0 5
0 5
0
0
1 2416
0 5
1 1048
0 5
0 10
0 10
0 10
0 10
0 10
0 10
0 10
0 10
0 10
0 40
0 10
0 10
0 10
0 10
0 10
0 10
0 10
0 10
0 10
0 5
0 5
0 5
2 2930
1 550
0 5
1 1196
0 5
0 5
0 5
0 5
0 5
0
0
1 2431
0 5
1 1053
0 5
0 10
0 10
0 10
0 10
0 10
0 10
0 10
0 10
0 10
0 40
0 10
0 10
0 10
0 10
0 10
0 10
0 10
0 10
0 10
0 5
0 5
0 5
2 2945
1 555
0 5
1 1201
0 5
0 5
0 5
0 5
0 5
0
0
1 2446
0 5
1 1058
0 5
0 10
0 10
0 10
0 10
0 10
0 10
0 10
0 10
0 10
0 40
0 10
0 10
0 10
0 10
0 10
0 10
0 10
0 10
0 10
0 5
0 5
0 5
2 2960
1 560
0 5
1 1206
0 5
0 5
0 5
0 5
0 5
0
0
1 2461
0 5
1 1063
0 5
0 10
0 10
0 10
0 10
0 10
0 10
0 10
0 10
0 10
0 40
0 10
0 10
0 10
0 10
0 10
0 10
0 10
0 10
0 10
0 5
0 5
0 5
2 2975
1 565
0 5
1 1211
0 5
0 5
0 5
0 5
0 5
0
0
1 2476
0 5
1 1068
0 5
0 10
0 10
0 10
0 10
0 10
0 10
0 10
0 10
0 10
0 40
0 10
0 10
0 10
0 10
0 10
0 10
0 10
0 10
0 10
0 5
0 5
0 5
2 2990
1 570
0 5
1 1216
0 5
0 5
0 5
0 5
0 5
0
0
1 2491
0 5
1 1073
0 5
0 10
0 10
0 10
0 10
0 10
0 10
0 10
0 10
0 10
0 40
0 10
0 10
0 10
0 10
0 10
0 10
0 10
0 10
0 10
0 5
0 5
0 5
2 3005
1 575
0 5
1 1221
0 5
0 5
0 5
0 5
0 5
0
0
1 2506
0 5
1 1078
0 5
0 10
0 10
0 10
0 10
0 10
0 10
0 10
0 10
0 10
0 40
0 10
0 10
0 10
0 10
0 10
0 10
0 10
0 10
0 10
0 5
0 5
0 5
2 3020
1 580
0 5
1 1226
0 5
0 5
0 5
0 5
0 5
0
0
1 2521
0 5
1 1083
0 5
0 10
0 10
0 10
0 10
0 10
0 10
0 10
0 10
0 10
0 40
0 10
0 10
0 10
0 10
0 10
0 10
0 10
0 10
0 10
0 5
0 5
0 5
2 3035
1 585
0 5
1 1231
0 5
0 5
0 5
0 5
0 5
0
0
1 2521
0 5
1 1083
0 5
0 10
0 10
0 10
0 10
0 10
0 10
0 10
0 10
0 10
0 40
0 10
0 10
0 10
0 10
0 10
0 10
0 10
0 10
0 10
0 5
0 5
0 5
2 3035
1 585
0 5
1 1231
0 5
0 5
0 5
0 5
0 5
1
