35 3
0.0 0.5 0
0.125 0.125 0
0.125 0.5 0
0.125 0.875 0
0.25 0.0 0
0.25 0.25 0
0.25 0.375 0
0.25 0.625 0
0.25 0.75 0
0.25 1.0 0
0.375 0.125 0
0.375 0.5 0
0.375 0.875 0
0.5 0.5 1
0.625 0.125 0
0.625 0.5 0
0.625 0.875 0
0.75 0.0 0
0.75 0.25 0
0.75 0.375 0
0.75 0.625 0
0.75 0.75 0
0.75 1.0 0
0.875 0.125 0
0.875 0.5 0
0.875 0.875 0
1.0 0.5 0
0.0625 0.3125 0
0.9375 0.6875 0
0.0625 0.6875 0
0.9375 0.3125 0
0.25 0.125 1
0.25 0.875 1
0.75 0.125 1
0.75 0.875 1
0 0 100 0 0 0 0 0 0 0 0 0 0 0 0 0 0 0 0 0 0 0 0 0 0 0 0 100 0 100 0 0 0 0 0
0 0 0 0 80 80 0 0 0 0 0 0 0 0 0 0 0 0 0 0 0 0 0 0 0 0 0 100 0 0 0 100 0 0 0
100 0 0 0 0 0 80 80 0 0 0 0 0 0 0 0 0 0 0 0 0 0 0 0 0 0 0 0 0 0 0 0 0 0 0
0 0 0 0 0 0 0 0 80 80 0 0 0 0 0 0 0 0 0 0 0 0 0 0 0 0 0 0 0 100 0 0 100 0 0
0 80 0 0 0 0 0 0 0 0 60 0 0 0 0 0 0 10 0 0 0 0 0 0 0 0 0 0 0 0 0 100 0 0 0
0 80 0 0 0 0 80 0 0 0 60 0 0 0 0 0 0 0 0 0 0 0 0 0 0 0 0 0 0 0 0 100 0 0 0
0 0 80 0 0 80 0 0 0 0 0 60 0 0 0 0 0 0 0 0 0 0 0 0 0 0 0 0 0 0 0 0 0 0 0
0 0 80 0 0 0 0 0 80 0 0 60 0 0 0 0 0 0 0 0 0 0 0 0 0 0 0 0 0 0 0 0 0 0 0
0 0 0 80 0 0 0 80 0 0 0 0 60 0 0 0 0 0 0 0 0 0 0 0 0 0 0 0 0 0 0 0 100 0 0
0 0 0 80 0 0 0 0 0 0 0 0 60 0 0 0 0 0 0 0 0 0 10 0 0 0 0 0 0 0 0 0 100 0 0
0 0 0 0 60 60 0 0 0 0 0 0 0 40 20 0 0 0 0 0 0 0 0 0 0 0 0 0 0 0 0 100 0 0 0
0 0 0 0 0 0 60 60 0 0 0 0 0 40 0 0 0 0 0 0 0 0 0 0 0 0 0 0 0 0 0 0 0 0 0
0 0 0 0 0 0 0 0 60 60 0 0 0 40 0 0 20 0 0 0 0 0 0 0 0 0 0 0 0 0 0 0 100 0 0
0 0 0 0 0 0 0 0 0 0 40 40 40 0 40 40 40 0 0 0 0 0 0 0 0 0 0 0 0 0 0 0 0 0 0
0 0 0 0 0 0 0 0 0 0 20 0 0 40 0 0 0 60 60 0 0 0 0 0 0 0 0 0 0 0 0 0 0 100 0
0 0 0 0 0 0 0 0 0 0 0 0 0 40 0 0 0 0 0 60 60 0 0 0 0 0 0 0 0 0 0 0 0 0 0
0 0 0 0 0 0 0 0 0 0 0 0 20 40 0 0 0 0 0 0 0 60 60 0 0 0 0 0 0 0 0 0 0 0 100
0 0 0 0 10 0 0 0 0 0 0 0 0 0 60 0 0 0 0 0 0 0 0 80 0 0 0 0 0 0 0 0 0 100 0
0 0 0 0 0 0 0 0 0 0 0 0 0 0 60 0 0 0 0 80 0 0 0 80 0 0 0 0 0 0 0 0 0 100 0
0 0 0 0 0 0 0 0 0 0 0 0 0 0 0 60 0 0 80 0 0 0 0 0 80 0 0 0 0 0 0 0 0 0 0
0 0 0 0 0 0 0 0 0 0 0 0 0 0 0 60 0 0 0 0 0 80 0 0 80 0 0 0 0 0 0 0 0 0 0
0 0 0 0 0 0 0 0 0 0 0 0 0 0 0 0 60 0 0 0 80 0 0 0 0 80 0 0 0 0 0 0 0 0 100
0 0 0 0 0 0 0 0 0 10 0 0 0 0 0 0 60 0 0 0 0 0 0 0 0 80 0 0 0 0 0 0 0 0 100
0 0 0 0 0 0 0 0 0 0 0 0 0 0 0 0 0 80 80 0 0 0 0 0 0 0 0 0 0 0 100 0 0 100 0
0 0 0 0 0 0 0 0 0 0 0 0 0 0 0 0 0 0 0 80 80 0 0 0 0 0 100 0 0 0 0 0 0 0 0
0 0 0 0 0 0 0 0 0 0 0 0 0 0 0 0 0 0 0 0 0 80 80 0 0 0 0 0 100 0 0 0 0 0 100
0 0 0 0 0 0 0 0 0 0 0 0 0 0 0 0 0 0 0 0 0 0 0 0 100 0 0 0 100 0 100 0 0 0 0
100 100 0 0 0 0 0 0 0 0 0 0 0 0 0 0 0 0 0 0 0 0 0 0 0 0 0 0 0 0 0 0 0 0 0
0 0 0 0 0 0 0 0 0 0 0 0 0 0 0 0 0 0 0 0 0 0 0 0 0 100 100 0 0 0 0 0 0 0 0
100 0 0 100 0 0 0 0 0 0 0 0 0 0 0 0 0 0 0 0 0 0 0 0 0 0 0 0 0 0 0 0 0 0 0
0 0 0 0 0 0 0 0 0 0 0 0 0 0 0 0 0 0 0 0 0 0 0 100 0 0 100 0 0 0 0 0 0 0 0
0 100 0 0 100 100 0 0 0 0 100 0 0 0 0 0 0 0 0 0 0 0 0 0 0 0 0 0 0 0 0 0 0 0 0
0 0 0 100 0 0 0 0 100 100 0 0 100 0 0 0 0 0 0 0 0 0 0 0 0 0 0 0 0 0 0 0 0 0 0
0 0 0 0 0 0 0 0 0 0 0 0 0 0 100 0 0 100 100 0 0 0 0 100 0 0 0 0 0 0 0 0 0 0 0
0 0 0 0 0 0 0 0 0 0 0 0 0 0 0 0 100 0 0 0 0 100 100 0 0 100 0 0 0 0 0 0 0 0 0
0
1 20
0 5
0 5
0 5
0 10
0 10
0 10
0 10
0 10
0 10
0 10
0 10
0 10
0 40
0 10
0 10
0 10
0 10
0 10
0 10
0 10
0 10
0 10
0 5
0 5
0 5
2 20
0 5
0 5
0 5
0 5
0 5
0 5
0 5
0 5
0
0
1 35
0 5
0 5
0 5
0 10
0 10
0 10
0 10
0 10
0 10
0 10
0 10
0 10
0 40
0 10
0 10
0 10
0 10
0 10
0 10
0 10
0 10
0 10
0 5
0 5
0 5
2 35
0 5
0 5
0 5
0 5
0 5
0 5
0 5
0 5
0
4
2 26 24 17
2 26 28 17
1 0 2 11
1 0 29 23
1 9
0 5
1 9
0 5
0 10
0 10
0 10
0 10
0 10
0 10
0 10
0 10
0 10
0 40
0 10
0 10
0 10
0 10
0 10
0 10
0 10
0 10
0 10
0 5
2 22
0 5
2 31
0 5
2 22
1 21
0 5
0 5
0 5
0 5
0 5
0
3
2 24 20 10
2 26 30 7
2 28 25 10
1 24
0 5
1 14
0 5
0 10
0 10
0 10
0 10
0 10
0 10
0 10
0 10
0 10
0 40
0 10
0 10
0 10
0 10
0 10
0 10
0 0
0 10
0 10
0 5
2 12
2 5
2 24
0 5
2 12
1 26
2 2
0 5
0 5
0 5
0 5
0
8
2 24 20 5
2 26 24 11
2 26 28 11
2 28 25 5
2 28 26 5
1 0 27 23
1 2 0 13
1 29 3 25
1 29
0 5
1 6
1 25
0 10
0 10
0 10
0 10
0 10
0 10
0 10
0 10
0 10
0 40
0 10
0 10
0 10
0 10
0 10
0 10
2 10
0 10
0 10
0 5
2 23
2 15
2 22
1 23
2 18
1 6
2 7
0 5
0 5
0 5
0 5
0
15
2 24 19 11
2 24 20 11
2 25 34 7
2 26 24 10
2 26 28 10
2 28 25 8
2 28 26 8
2 30 23 6
1 0 2 18
1 0 27 10
1 2 0 3
1 2 6 1
1 3 9 24
1 27 1 22
1 29 3 5
1 12
1 20
1 23
1 9
0 10
0 10
0 9
2 15
0 10
1 17
0 10
0 10
0 10
0 40
0 10
0 10
0 10
0 10
0 10
2 6
2 26
0 10
0 10
2 6
2 16
2 21
2 25
1 14
2 17
1 4
2 6
0 5
0 5
0 5
2 7
0
23
2 20 15 12
2 20 21 12
2 24 19 7
2 24 20 3
2 25 22 10
2 25 34 10
2 26 24 6
2 26 28 12
2 28 25 8
2 28 26 8
2 30 23 2
2 30 26 2
1 0 2 11
1 1 31 18
1 2 6 22
1 3 32 7
1 9 32 16
1 27 1 13
1 29 3 3
2 34 16 7
2 34 21 7
2 34 22 7
2 34 25 7
1 16
1 20
1 17
1 10
0 10
0 10
1 18
2 20
0 10
1 6
0 10
0 10
0 10
0 40
0 10
2 12
0 3
0 10
0 10
2 18
2 10
2 15
2 15
2 13
2 17
2 21
2 32
1 6
2 18
1 6
2 7
1 18
1 10
0 5
2 22
0
32
2 7 11 9
2 19 18 8
2 20 15 4
2 20 24 4
2 20 21 2
2 21 16 7
2 22 9 7
2 22 16 3
2 23 33 6
2 24 19 8
2 24 20 4
2 25 21 3
2 25 22 10
2 26 24 7
2 26 28 15
2 28 25 8
2 28 26 8
2 30 23 3
2 30 26 3
2 34 16 5
1 0 2 11
1 1 31 18
1 3 32 6
1 29 3 3
1 31 1 18
1 31 4 18
1 31 5 18
1 31 10 18
1 32 3 10
1 32 8 10
1 32 9 10
1 32 12 10
1 20
1 25
1 33
1 22
1 13
1 13
1 23
2 16
0 0
1 14
1 18
0 1
0 0
0 40
0 10
2 26
2 22
0 10
0 2
2 23
2 9
2 18
2 20
2 15
1 21
2 21
2 36
2 11
2 22
1 8
1 6
1 41
1 21
2 6
2 22
0
39
2 7 8 7
2 7 11 3
2 15 20 12
2 16 12 10
2 19 18 11
2 21 16 2
2 21 20 8
2 21 25 8
2 23 18 7
2 23 33 7
2 25 21 3
2 25 22 10
2 28 25 10
2 28 26 10
2 33 18 8
2 34 16 3
2 34 21 10
1 0 27 19
1 1 27 24
1 2 0 32
1 3 8 21
1 4 1 12
1 5 1 12
1 6 11 22
1 9 12 13
1 10 4 9
1 10 5 2
1 10 31 4
1 24 20 20
1 29 0 6
1 29 3 1
1 30 23 4
1 30 26 1
1 31 1 40
1 32 8 10
1 32 12 10
2 33 14 6
2 33 17 6
2 33 23 6
1 47
1 68
1 4
1 5
1 13
1 6
1 4
2 11
1 3
1 4
1 8
1 26
1 5
0 40
0 4
2 24
2 27
0 4
2 29
2 17
2 14
2 18
2 35
2 8
1 4
1 29
2 60
1 14
2 7
1 4
1 4
1 8
1 4
2 16
2 14
0
39
2 7 2 5
2 7 8 5
2 16 12 13
2 16 34 13
2 18 14 4
2 18 23 14
2 22 9 10
2 22 34 17
2 26 28 59
2 33 14 2
2 33 17 7
2 33 23 7
1 0 2 46
1 1 4 67
1 2 6 1
1 2 7 2
1 3 8 2
1 3 9 1
1 4 17 10
1 5 1 1
1 5 6 1
1 5 31 2
1 6 2 1
1 6 11 2
1 8 12 1
1 9 32 1
1 10 4 7
1 11 7 25
1 12 8 2
1 12 9 1
1 24 20 2
1 25 28 28
1 27 0 12
1 27 1 1
1 29 0 2
1 29 3 1
1 30 26 3
1 31 4 7
1 32 8 3
1 23
1 6
1 46
1 6
1 87
1 5
1 6
1 4
1 7
2 15
1 6
1 8
2 30
0 40
2 24
2 44
2 21
1 9
2 21
2 27
2 22
2 28
2 18
2 39
1 5
1 4
1 10
1 4
2 48
1 4
1 4
1 6
1 5
2 10
2 54
0
46
2 9 3 7
2 9 32 7
2 12 8 14
2 12 9 14
2 14 10 11
2 14 17 11
2 15 20 21
2 18 14 3
2 18 23 10
2 19 24 13
2 20 24 10
2 23 17 9
2 23 30 19
2 28 26 47
2 34 21 26
2 34 22 26
1 0 29 22
1 1 4 3
1 1 31 2
1 2 6 21
1 2 7 24
1 3 8 2
1 3 32 1
1 4 17 10
1 4 10 60
1 4 31 5
1 5 10 4
1 6 11 5
1 7 11 3
1 8 3 4
1 8 7 1
1 10 4 1
1 10 5 1
1 10 31 1
1 11 6 4
1 11 7 2
1 17 4 6
1 24 26 3
1 25 28 1
1 26 24 9
1 27 0 1
1 27 1 2
1 29 3 3
1 30 26 3
1 31 10 5
1 32 3 3
1 17
1 8
1 6
1 11
1 27
1 7
1 31
1 33
2 15
2 20
1 71
1 20
2 12
0 40
2 15
2 33
2 31
2 18
2 13
2 19
2 38
2 59
2 49
2 26
2 16
1 8
2 55
1 6
2 5
1 28
2 23
1 14
2 9
2 15
2 7
0
51
2 8 32 7
2 9 3 9
2 9 32 9
2 16 12 15
2 16 34 15
2 18 14 2
2 18 23 6
2 19 15 4
2 19 18 9
2 20 15 9
2 20 24 18
2 21 16 29
2 21 34 29
2 22 9 10
2 22 34 24
2 23 17 4
2 23 18 12
2 24 19 3
2 24 20 7
2 26 24 13
2 26 28 27
2 30 23 11
2 30 26 11
2 33 14 2
2 33 17 7
1 0 2 8
1 0 29 8
1 1 4 6
1 1 5 1
1 2 7 5
1 3 8 10
1 4 1 16
1 4 10 6
1 4 31 2
1 5 10 3
1 5 6 1
1 6 2 14
1 6 5 8
1 6 11 7
1 7 8 32
1 10 4 50
1 10 14 20
1 11 7 19
1 25 28 7
1 27 1 5
1 29 3 27
1 31 4 13
2 32 3 9
2 32 8 9
2 32 9 9
2 32 12 9
1 16
1 27
1 28
1 15
1 77
1 17
1 8
1 30
1 22
2 26
1 20
1 18
2 46
0 40
1 11
2 56
2 40
2 34
2 31
2 14
2 23
2 6
2 20
2 32
2 42
1 6
2 41
1 6
2 30
1 14
2 6
1 8
2 30
2 11
2 80
0
50
2 12 8 22
2 15 13 40
2 16 21 19
2 16 22 19
2 17 33 16
2 18 14 15
2 18 33 15
2 19 15 3
2 19 18 6
2 20 15 5
2 20 24 11
2 23 17 5
2 23 18 15
2 24 19 10
2 24 20 20
2 26 24 10
2 26 28 20
2 30 23 2
2 30 26 2
2 32 3 14
2 34 21 39
2 34 22 39
1 0 29 15
1 1 4 26
1 2 6 19
1 2 7 8
1 3 8 5
1 3 9 1
1 3 29 6
1 4 17 10
1 5 1 1
1 5 10 8
1 5 6 1
1 5 31 5
1 6 11 7
1 7 11 29
1 8 3 21
1 10 4 18
1 11 6 11
1 11 7 5
1 14 10 5
1 14 13 1
1 14 33 1
1 25 22 1
1 25 28 1
1 25 34 1
1 27 1 5
1 29 3 13
1 31 1 2
1 31 4 5
1 16
1 14
1 6
1 28
1 121
1 7
1 37
1 19
2 21
2 30
1 25
1 48
2 34
0 0
2 21
2 34
2 12
2 18
2 27
2 20
2 32
2 69
2 82
2 19
2 38
1 8
2 28
1 6
2 54
1 27
2 7
1 11
2 21
2 46
2 6
0
52
2 12 13 4
2 12 16 16
2 14 13 5
2 15 13 33
2 16 13 1
2 16 34 5
2 18 14 4
2 18 23 13
2 19 15 4
2 19 18 9
2 20 15 7
2 20 24 15
2 21 16 34
2 21 34 34
2 22 9 10
2 22 16 20
2 22 34 40
2 23 17 3
2 23 18 9
2 24 19 9
2 24 20 18
2 26 24 6
2 26 28 13
2 30 23 3
2 30 26 3
2 33 14 7
2 33 17 22
1 0 2 5
1 0 27 1
1 0 29 9
1 1 4 13
1 2 6 1
1 2 7 4
1 3 9 1
1 3 29 24
1 4 17 10
1 5 1 2
1 5 31 3
1 6 2 20
1 6 5 3
1 6 11 12
1 7 2 5
1 7 11 12
1 10 4 23
1 10 13 1
1 11 7 7
1 11 13 40
1 25 28 1
1 25 34 4
1 27 1 5
1 29 3 26
1 31 4 9
1 16
1 13
1 36
1 34
1 161
1 10
1 8
1 18
2 26
2 44
1 11
1 35
2 24
2 10
2 37
2 22
2 86
2 38
2 33
2 21
2 33
2 6
2 17
2 28
2 37
1 8
2 27
1 7
2 71
1 39
2 6
2 10
2 26
2 22
2 86
0
55
2 9 22 10
2 12 8 11
2 12 9 11
2 12 13 2
2 14 10 9
2 14 13 18
2 15 13 5
2 15 19 10
2 16 12 20
2 16 13 10
2 16 21 42
2 18 14 5
2 18 23 16
2 19 15 10
2 19 18 5
2 20 15 8
2 20 24 16
2 23 17 4
2 23 18 13
2 24 19 9
2 24 20 18
2 26 24 13
2 26 28 13
2 30 23 2
2 30 26 2
2 33 14 3
2 33 17 10
2 34 21 42
2 34 22 42
1 0 2 4
1 0 27 8
1 0 29 3
1 1 31 12
1 2 7 35
1 3 29 31
1 4 1 60
1 4 31 100
1 5 31 9
1 6 2 3
1 6 5 3
1 7 2 11
1 7 11 5
1 10 31 10
1 11 7 23
1 11 13 11
1 25 28 3
1 25 34 2
1 27 1 6
1 29 3 38
2 13 10 10
2 13 11 10
2 13 12 10
2 13 14 10
2 13 15 10
2 13 16 10
1 16
1 72
1 24
1 46
1 6
1 9
1 7
1 65
2 42
2 50
2 11
2 14
2 40
2 44
2 38
2 45
2 34
2 57
2 35
2 30
2 32
2 95
2 74
2 34
2 44
1 8
2 18
1 14
2 86
1 40
2 7
1 15
2 31
2 14
2 5
0
55
2 10 4 5
2 11 6 6
2 12 8 19
2 12 9 19
2 13 10 4
2 13 11 21
2 14 10 4
2 14 13 18
2 15 13 11
2 15 19 22
2 16 12 16
2 16 13 4
2 17 4 10
2 18 14 5
2 18 23 17
2 19 15 14
2 19 18 7
2 20 15 7
2 20 24 15
2 21 34 94
2 22 34 36
2 23 17 5
2 23 18 16
2 24 19 10
2 24 20 21
2 26 24 8
2 26 28 8
2 30 23 3
2 30 26 3
2 33 14 2
2 33 17 6
2 33 18 6
1 0 2 13
1 0 29 2
1 1 4 46
1 1 5 25
1 2 7 23
1 3 29 43
1 4 1 1
1 4 31 2
1 5 1 4
1 5 10 1
1 5 31 1
1 6 11 6
1 7 11 60
1 25 21 2
1 25 22 1
1 25 28 1
1 25 34 2
1 27 1 13
1 29 3 39
1 31 4 23
1 31 5 20
1 31 1 15
1 31 10 15
1 16
1 39
1 19
1 47
1 62
1 53
2 10
1 33
2 66
2 74
1 24
1 39
2 28
2 62
2 33
2 43
2 24
2 63
2 47
2 46
2 36
1 6
2 42
2 38
2 41
1 7
2 20
1 6
2 98
1 51
2 6
1 10
2 36
2 5
2 138
0
48
2 8 7 32
2 9 32 36
2 12 8 13
2 12 9 13
2 13 16 30
2 15 13 10
2 15 19 21
2 16 21 11
2 17 14 31
2 18 14 7
2 18 23 23
2 19 15 22
2 19 18 11
2 20 21 35
2 22 25 20
2 23 17 6
2 23 18 18
2 24 19 10
2 24 20 20
2 26 24 9
2 26 28 9
2 28 25 97
2 30 23 2
2 30 26 2
2 33 17 2
2 33 18 2
2 34 16 22
2 34 21 68
1 0 2 15
1 1 4 20
1 1 5 18
1 2 6 18
1 3 29 44
1 4 1 39
1 4 31 20
1 5 6 52
1 7 2 32
1 10 4 18
1 10 5 5
1 11 6 38
1 21 16 2
1 21 25 1
1 25 21 5
1 27 0 4
1 27 1 1
1 29 3 50
1 31 4 1
1 31 5 8
1 20
1 46
1 53
1 58
1 47
1 37
1 103
2 36
2 52
2 56
1 11
1 11
2 12
2 52
2 81
2 44
2 73
2 45
2 53
2 49
2 26
2 111
2 27
2 44
2 25
2 8
2 19
1 6
2 15
1 50
2 7
1 26
2 77
2 6
2 53
0
61
2 7 11 17
2 12 8 5
2 12 9 5
2 12 13 1
2 13 10 12
2 13 11 25
2 14 10 20
2 15 13 10
2 15 19 21
2 16 12 20
2 16 13 9
2 16 21 36
2 18 14 8
2 18 23 26
2 19 15 24
2 19 18 12
2 20 15 6
2 20 24 12
2 21 16 18
2 21 20 55
2 22 9 10
2 22 16 4
2 22 25 13
2 23 17 7
2 23 18 21
2 24 19 6
2 24 20 12
2 25 21 1
2 25 22 3
2 25 28 3
2 26 24 9
2 26 28 9
2 28 25 7
2 28 26 7
2 30 23 3
2 30 26 3
2 33 17 2
2 33 18 2
2 33 23 2
2 34 16 8
2 34 21 26
1 0 2 19
1 1 4 45
1 2 7 52
1 3 29 55
1 4 1 16
1 4 10 12
1 4 31 16
1 5 1 1
1 5 10 9
1 5 6 21
1 5 31 5
1 6 2 77
1 6 11 25
1 10 4 8
1 10 31 1
1 11 7 10
1 27 0 3
1 27 1 2
1 29 3 49
1 31 4 25
1 19
1 25
1 102
1 57
1 86
1 6
1 27
1 24
2 62
2 76
2 33
2 36
2 31
2 45
2 79
2 53
2 48
2 59
2 59
2 45
2 80
2 106
2 8
2 52
2 33
2 26
2 26
1 6
2 18
1 61
2 6
1 28
2 82
2 5
2 24
0
56
2 8 7 30
2 10 5 8
2 12 8 15
2 12 9 15
2 13 10 4
2 13 11 22
2 14 10 9
2 14 13 39
2 15 13 13
2 15 19 26
2 16 12 20
2 16 13 5
2 16 21 23
2 18 14 9
2 18 23 29
2 19 15 22
2 19 18 11
2 20 15 19
2 20 24 39
2 21 16 17
2 21 20 52
2 22 9 3
2 22 16 1
2 22 25 3
2 23 17 8
2 23 18 25
2 24 19 8
2 24 20 16
2 25 21 4
2 25 22 12
2 26 24 12
2 26 28 12
2 28 25 8
2 28 26 8
2 30 23 2
2 30 26 2
2 33 17 2
2 33 18 2
2 34 16 3
2 34 21 11
1 0 2 3
1 0 27 1
1 0 29 14
1 1 4 5
1 1 5 19
1 2 6 19
1 2 7 80
1 3 29 54
1 4 10 60
1 5 1 2
1 5 10 3
1 6 5 26
1 7 2 23
1 27 1 5
1 29 3 60
1 31 10 27
1 16
1 13
1 34
1 68
1 36
1 43
1 25
1 56
2 52
2 99
1 62
2 68
2 31
2 86
2 50
2 65
2 31
2 74
2 64
2 51
2 95
2 80
2 18
2 55
2 65
2 26
2 27
1 7
2 19
1 74
2 7
1 6
2 87
2 6
2 15
0
54
2 12 8 15
2 12 9 15
2 15 13 16
2 15 19 32
2 16 12 15
2 16 13 3
2 17 4 10
2 18 14 10
2 18 23 31
2 19 15 25
2 19 18 12
2 20 15 23
2 20 24 47
2 21 16 13
2 21 20 39
2 22 9 8
2 22 16 2
2 22 25 8
2 23 17 9
2 23 18 27
2 24 19 16
2 24 20 32
2 25 21 4
2 25 22 12
2 26 24 13
2 26 28 13
2 28 25 9
2 28 26 9
2 30 23 3
2 30 26 3
2 33 17 2
2 33 18 2
2 33 23 2
2 34 16 2
2 34 21 7
1 0 2 15
1 1 4 12
1 2 6 14
1 2 7 19
1 3 8 67
1 4 1 8
1 4 10 11
1 4 31 14
1 5 6 42
1 6 2 5
1 6 5 18
1 7 8 55
1 10 4 60
1 10 31 1
1 27 0 6
1 29 3 73
1 31 4 2
1 31 5 1
1 31 10 1
1 22
1 14
1 26
1 79
1 72
1 25
1 63
1 25
1 72
2 127
1 23
2 78
2 26
2 115
2 70
2 75
2 40
2 80
2 69
2 67
2 101
2 44
2 17
2 60
2 82
2 32
2 28
1 6
2 19
1 6
2 6
1 22
2 92
2 5
2 11
0
55
2 9 12 60
2 13 10 40
2 14 10 20
2 15 13 18
2 15 19 37
2 16 12 4
2 16 13 19
2 18 14 11
2 18 23 34
2 19 15 16
2 19 18 33
2 20 15 25
2 20 24 50
2 21 16 7
2 21 20 21
2 22 9 2
2 22 16 8
2 23 17 9
2 23 18 29
2 24 19 20
2 24 20 40
2 25 21 5
2 25 22 15
2 26 24 13
2 26 28 6
2 28 25 9
2 28 26 9
2 30 23 2
2 30 26 2
2 32 12 45
2 33 17 2
2 33 18 2
2 34 16 1
2 34 21 5
2 34 22 5
1 0 2 10
1 0 29 11
1 1 4 13
1 2 6 5
1 2 7 20
1 3 8 24
1 3 29 52
1 4 17 10
1 5 6 24
1 6 2 48
1 6 5 13
1 7 2 18
1 7 8 5
1 8 3 38
1 8 7 33
1 10 4 22
1 27 1 5
1 29 3 5
1 31 1 1
1 31 4 20
1 16
1 12
1 82
1 51
1 122
1 19
1 36
1 60
1 35
2 74
2 11
2 88
2 145
2 122
2 71
2 71
2 43
2 86
2 93
2 80
2 92
2 31
2 32
2 63
2 90
2 26
2 35
1 6
2 12
1 69
2 7
1 6
2 52
2 6
2 5
0
60
2 10 31 5
2 11 6 43
2 12 8 36
2 12 9 60
2 13 10 40
2 13 11 40
2 13 12 12
2 14 10 20
2 14 13 8
2 14 17 35
2 15 13 17
2 15 19 35
2 16 12 5
2 16 13 21
2 18 14 15
2 18 23 46
2 19 15 19
2 19 18 39
2 20 15 22
2 20 24 45
2 21 16 5
2 21 20 15
2 22 9 5
2 22 16 15
2 23 17 10
2 23 18 31
2 24 19 22
2 24 20 44
2 25 21 4
2 25 22 12
2 26 24 17
2 26 28 8
2 28 25 5
2 28 26 5
2 30 23 3
2 30 26 3
2 33 17 2
2 33 18 2
2 33 23 2
2 34 21 2
2 34 22 2
1 0 2 3
1 0 29 12
1 1 4 5
1 1 5 6
1 2 7 80
1 3 8 13
1 3 29 35
1 4 10 60
1 5 10 18
1 6 5 35
1 7 2 12
1 7 8 46
1 8 3 17
1 8 7 17
1 27 1 5
1 29 3 68
1 31 4 1
1 31 5 3
1 31 10 1
1 16
1 11
1 22
1 93
1 73
1 50
2 47
1 104
1 29
2 144
1 23
2 95
2 76
2 86
2 33
2 70
2 47
2 138
2 109
2 84
2 89
2 22
2 31
2 78
2 91
2 20
2 33
1 6
2 15
1 53
2 6
2 9
2 57
2 5
2 6
0
57
2 9 32 71
2 11 6 47
2 13 10 40
2 13 14 40
2 15 13 17
2 15 19 34
2 16 12 5
2 16 13 23
2 17 14 60
2 18 14 18
2 18 23 54
2 19 15 20
2 19 18 41
2 20 15 22
2 20 24 44
2 21 16 3
2 21 20 10
2 22 9 5
2 22 16 15
2 23 17 12
2 23 18 38
2 24 19 22
2 24 20 45
2 25 21 3
2 25 22 9
2 26 24 16
2 26 28 8
2 28 25 7
2 28 26 7
2 30 23 2
2 30 26 2
2 33 17 2
2 33 18 2
2 34 21 2
2 34 22 2
2 34 25 2
1 0 2 15
1 1 4 3
1 1 27 3
1 1 31 2
1 2 0 14
1 2 7 6
1 3 8 14
1 3 29 76
1 4 1 40
1 4 31 32
1 5 31 49
1 7 2 80
1 7 8 14
1 8 3 28
1 10 31 22
1 27 1 5
1 29 3 52
2 31 1 9
2 31 4 9
2 31 5 9
2 31 10 9
1 30
1 44
1 102
1 88
2 10
2 13
2 99
1 21
1 34
2 83
2 11
2 58
2 91
2 56
2 161
2 71
2 47
2 97
2 123
2 84
2 83
2 19
2 27
2 89
2 89
2 22
2 33
1 9
2 14
1 82
2 7
1 14
2 133
2 6
2 5
0
56
2 6 5 49
2 11 7 28
2 13 10 27
2 13 11 27
2 14 10 20
2 14 13 20
2 14 17 60
2 14 18 60
2 15 13 17
2 15 19 35
2 16 12 5
2 16 13 23
2 17 4 10
2 17 14 16
2 17 23 48
2 18 14 20
2 18 23 61
2 19 15 20
2 19 18 41
2 20 15 20
2 20 24 41
2 21 16 3
2 21 20 9
2 22 9 4
2 22 16 13
2 23 17 14
2 23 18 44
2 24 19 22
2 24 20 44
2 25 21 3
2 25 22 10
2 26 24 16
2 26 28 8
2 28 25 6
2 28 26 6
2 30 23 3
2 30 26 3
2 33 17 2
2 33 18 2
2 33 23 2
2 34 21 2
2 34 22 2
1 0 2 29
1 1 4 19
1 1 5 24
1 2 7 80
1 3 8 43
1 3 29 42
1 7 2 20
1 8 3 33
1 27 1 8
1 29 3 81
1 31 1 15
1 31 4 17
1 31 5 23
1 31 10 14
1 16
1 29
1 76
1 122
1 25
2 20
2 55
1 58
1 49
2 92
2 54
2 67
2 106
2 72
2 47
2 69
2 45
2 104
2 194
2 85
2 80
2 17
2 27
2 150
2 85
2 20
2 33
1 6
2 15
1 48
2 6
1 6
2 138
2 5
2 6
0
54
2 5 31 9
2 6 5 27
2 10 4 26
2 10 5 26
2 13 10 35
2 13 11 35
2 14 10 20
2 14 13 5
2 15 13 17
2 15 19 34
2 16 12 5
2 16 13 22
2 17 4 10
2 18 14 32
2 18 23 80
2 18 19 80
2 19 15 21
2 19 18 42
2 20 15 19
2 20 24 39
2 21 16 2
2 21 20 8
2 22 9 4
2 22 16 13
2 23 17 24
2 23 18 74
2 24 19 21
2 24 20 42
2 25 21 3
2 25 22 9
2 26 24 16
2 26 28 8
2 28 25 7
2 28 26 7
2 30 23 2
2 30 26 2
2 33 17 2
2 33 18 2
2 34 21 2
2 34 22 2
2 34 25 2
1 0 2 15
1 1 4 9
1 1 27 13
1 1 31 4
1 2 0 28
1 2 7 46
1 3 8 80
1 4 1 24
1 7 2 57
1 8 3 48
1 27 1 5
1 29 3 47
1 31 1 5
1 44
1 42
1 79
1 142
2 15
2 69
2 33
1 52
1 86
2 101
2 67
2 112
2 121
2 56
2 64
2 68
2 43
2 125
2 125
2 162
2 77
2 17
2 26
2 139
2 82
2 22
2 33
1 19
2 14
1 6
2 7
2 9
2 143
2 6
2 5
0
59
2 4 31 7
2 5 31 34
2 10 4 33
2 10 5 33
2 11 6 55
2 11 7 55
2 13 10 27
2 13 11 27
2 14 10 20
2 14 13 7
2 14 17 31
2 15 13 16
2 15 19 33
2 16 12 5
2 16 13 21
2 17 4 10
2 17 14 20
2 17 23 62
2 18 14 20
2 18 23 62
2 19 15 40
2 19 18 80
2 20 15 19
2 20 24 38
2 21 16 2
2 21 20 8
2 22 9 4
2 22 16 12
2 23 17 23
2 23 18 69
2 24 19 20
2 24 20 40
2 25 21 3
2 25 22 10
2 26 24 16
2 26 28 8
2 28 25 6
2 28 26 6
2 30 23 3
2 30 26 3
2 33 17 2
2 33 18 2
2 33 23 2
2 34 21 2
2 34 22 2
1 0 2 43
1 1 4 41
1 2 6 78
1 3 8 80
1 7 2 51
1 8 3 80
1 8 7 4
1 27 1 18
1 29 0 1
1 29 3 4
2 31 1 9
2 31 4 9
2 31 5 9
2 31 10 9
1 17
1 15
1 100
1 151
2 24
2 82
2 15
2 55
1 87
2 110
2 67
2 39
2 136
2 56
2 56
2 88
2 41
2 94
2 199
2 100
2 73
2 17
2 27
2 181
2 81
2 20
2 33
1 6
2 15
1 6
2 6
2 55
2 148
2 5
2 6
0
57
2 5 1 40
2 5 6 20
2 10 4 33
2 10 5 33
2 11 6 19
2 11 7 9
2 13 10 27
2 13 11 27
2 14 10 20
2 14 13 6
2 14 17 27
2 15 13 21
2 15 19 43
2 16 12 5
2 16 13 20
2 17 4 10
2 17 14 15
2 17 23 46
2 18 14 33
2 18 23 80
2 18 19 80
2 19 15 24
2 19 18 49
2 20 15 18
2 20 24 36
2 21 16 2
2 21 20 8
2 22 9 4
2 22 16 13
2 23 17 30
2 23 18 80
2 24 19 20
2 24 20 40
2 25 21 3
2 25 22 9
2 26 24 16
2 26 28 8
2 28 25 7
2 28 26 7
2 30 23 2
2 30 26 2
2 31 1 27
2 31 4 27
2 33 17 2
2 33 18 2
2 34 21 2
2 34 22 2
2 34 25 2
1 0 2 16
1 1 27 12
1 2 6 72
1 2 7 27
1 3 8 80
1 8 3 6
1 8 7 80
1 27 1 5
1 29 3 5
1 16
2 13
1 22
1 87
2 99
2 60
1 23
1 69
1 86
2 119
2 58
2 48
2 151
2 59
2 61
2 76
2 41
2 87
2 142
2 175
2 72
2 17
2 26
2 204
2 78
2 22
2 33
1 18
2 14
1 6
2 7
2 6
2 153
2 6
2 5
0
61
2 4 1 49
2 4 17 10
2 4 10 16
2 5 1 29
2 5 6 29
2 10 4 28
2 10 5 28
2 11 6 23
2 13 10 29
2 13 11 29
2 14 10 20
2 14 13 7
2 14 17 30
2 15 13 18
2 15 19 37
2 16 12 5
2 16 13 20
2 17 4 10
2 17 14 14
2 17 23 43
2 18 14 23
2 18 23 70
2 19 15 43
2 19 18 80
2 20 15 17
2 20 24 35
2 21 16 2
2 21 20 8
2 22 9 4
2 22 16 12
2 23 17 33
2 23 18 80
2 24 19 19
2 24 20 38
2 25 21 3
2 25 22 10
2 26 24 16
2 26 28 8
2 28 25 6
2 28 26 6
2 30 23 3
2 30 26 3
2 31 1 2
2 31 4 2
2 31 5 2
2 33 17 2
2 33 18 2
2 33 23 2
2 34 21 2
2 34 22 2
1 0 27 15
1 2 6 10
1 2 7 11
1 3 8 80
1 6 2 21
1 7 2 51
1 7 8 16
1 8 3 41
1 8 7 44
1 27 1 17
1 29 3 5
1 16
2 81
1 78
1 58
2 69
2 37
2 17
1 62
1 102
2 128
2 77
2 64
2 166
2 56
2 51
2 91
2 40
2 100
2 216
2 113
2 71
2 17
2 27
2 214
2 77
2 20
2 33
1 21
2 15
1 6
2 6
2 5
2 158
2 5
2 6
0
62
2 1 27 80
2 4 1 34
2 4 17 10
2 4 10 11
2 5 1 18
2 5 10 18
2 10 4 38
2 10 5 38
2 11 6 31
2 13 10 27
2 13 11 27
2 14 10 20
2 14 13 6
2 14 17 25
2 15 13 22
2 15 19 45
2 16 12 4
2 16 13 19
2 17 4 10
2 17 14 16
2 17 23 49
2 18 14 35
2 18 23 80
2 18 19 80
2 19 15 28
2 19 18 56
2 20 15 17
2 20 24 35
2 21 16 2
2 21 20 8
2 22 9 4
2 22 16 13
2 23 17 35
2 23 18 80
2 24 19 19
2 24 20 38
2 25 21 3
2 25 22 9
2 26 24 16
2 26 28 8
2 28 25 7
2 28 26 7
2 30 23 2
2 30 26 2
2 31 1 2
2 31 4 2
2 32 3 78
2 33 17 2
2 33 18 2
2 34 21 2
2 34 22 2
2 34 25 2
1 0 2 14
1 0 27 1
1 2 6 77
1 3 8 29
1 3 29 26
1 7 2 61
1 8 3 80
1 8 7 9
1 27 0 20
1 29 3 5
1 36
2 60
1 81
1 15
2 69
2 44
1 34
1 15
1 47
2 137
2 87
2 70
2 180
2 59
2 61
2 79
2 42
2 102
2 164
2 178
2 70
2 17
2 26
2 235
2 76
2 22
2 33
2 83
2 14
1 32
2 7
2 6
2 85
2 6
2 5
0
71
2 1 4 29
2 1 5 29
2 4 1 34
2 4 17 10
2 4 10 11
2 5 6 43
2 9 3 34
2 10 4 43
2 10 5 43
2 11 6 34
2 11 7 34
2 12 32 89
2 13 10 29
2 13 11 29
2 14 10 20
2 14 13 7
2 14 17 30
2 15 13 19
2 15 19 39
2 16 12 5
2 16 13 20
2 17 4 10
2 17 14 16
2 17 23 50
2 18 14 27
2 18 23 80
2 19 15 44
2 19 18 80
2 20 15 17
2 20 24 34
2 21 16 2
2 21 20 8
2 22 9 4
2 22 16 12
2 23 17 39
2 23 18 80
2 23 30 100
2 24 19 18
2 24 20 37
2 25 21 3
2 25 22 10
2 26 24 16
2 26 28 8
2 27 0 82
2 28 25 6
2 28 26 6
2 30 23 3
2 30 26 3
2 31 1 2
2 31 4 2
2 31 5 2
2 32 3 42
2 33 17 2
2 33 18 2
2 33 23 2
2 34 21 2
2 34 22 2
1 0 2 17
1 0 29 17
1 2 0 17
1 2 6 32
1 2 7 31
1 3 8 7
1 3 29 5
1 6 2 32
1 7 2 11
1 7 8 2
1 8 3 22
1 8 7 24
1 29 0 1
1 29 3 30
2 77
2 43
1 66
2 60
2 103
2 80
2 39
1 28
1 15
2 112
2 71
2 41
2 106
2 57
2 57
2 92
2 41
2 112
2 224
2 116
2 69
2 17
2 27
2 156
2 76
2 20
2 33
2 6
2 15
1 28
2 106
2 5
2 137
2 5
2 6
0
67
2 0 2 76
2 1 4 21
2 1 5 21
2 3 8 29
2 4 1 51
2 4 17 10
2 4 10 17
2 5 1 39
2 5 10 39
2 9 3 18
2 9 12 55
2 9 22 10
2 10 4 35
2 10 5 35
2 12 8 52
2 13 10 28
2 13 11 28
2 14 10 20
2 14 13 7
2 14 17 28
2 15 13 22
2 15 19 45
2 16 12 5
2 16 13 20
2 17 4 10
2 17 14 18
2 17 23 55
2 18 14 37
2 18 23 80
2 18 19 80
2 19 15 28
2 19 18 57
2 20 15 17
2 20 24 34
2 21 16 2
2 21 20 8
2 22 9 4
2 22 16 13
2 23 17 25
2 23 18 77
2 24 19 18
2 24 20 37
2 25 21 3
2 25 22 9
2 26 24 16
2 26 28 8
2 27 0 2
2 27 1 2
2 28 25 7
2 28 26 7
2 30 23 52
2 30 26 52
2 31 1 2
2 31 4 2
2 32 3 68
2 32 8 34
2 33 17 2
2 33 18 2
2 34 21 2
2 34 22 2
2 34 25 2
1 2 6 1
1 2 7 63
1 7 2 27
1 8 7 13
1 29 0 2
1 29 3 25
2 16
2 100
2 52
2 97
2 98
2 63
2 43
1 82
2 118
2 38
2 115
2 79
2 124
2 60
2 67
2 80
2 41
2 99
2 168
2 179
2 68
2 17
2 36
2 246
2 76
2 22
2 83
2 7
2 14
1 6
2 7
2 6
2 40
2 6
2 5
0
8
2 0 2 15
2 2 7 51
2 3 8 80
2 8 7 80
2 11 7 60
1 7 2 80
1 29 0 2
1 29 3 3
1 16
2 105
1 69
2 19
2 103
2 68
2 48
2 194
2 123
2 43
2 125
2 29
2 134
2 70
2 77
2 90
2 51
2 104
2 173
2 184
2 73
2 22
2 41
2 251
2 81
2 27
2 98
2 12
2 19
1 6
2 12
2 11
2 45
2 11
2 10
0
70
2 1 4 52
2 1 5 52
2 3 29 18
2 4 1 17
2 4 17 10
2 4 10 51
2 5 1 33
2 5 10 33
2 7 2 80
2 8 3 61
2 8 7 20
2 9 3 7
2 9 12 21
2 9 22 10
2 10 4 60
2 10 5 15
2 10 14 20
2 11 6 7
2 11 7 14
2 12 8 16
2 12 9 60
2 12 13 40
2 13 10 34
2 13 11 6
2 14 10 9
2 14 13 38
2 15 13 22
2 15 19 44
2 16 12 6
2 16 13 25
2 17 4 10
2 17 14 51
2 18 14 28
2 18 23 80
2 19 15 45
2 19 18 80
2 20 15 18
2 20 24 36
2 21 16 3
2 21 20 10
2 22 9 6
2 22 16 20
2 23 17 41
2 23 18 80
2 23 30 100
2 24 19 20
2 24 20 40
2 25 21 13
2 25 22 4
2 26 24 48
2 26 28 24
2 28 25 9
2 28 26 9
2 30 23 5
2 30 26 5
2 31 1 1
2 31 4 5
2 31 5 5
2 32 3 7
2 32 8 22
2 33 14 5
2 33 17 1
2 33 18 5
2 34 16 4
2 34 21 4
2 34 22 1
1 0 2 8
1 0 29 6
1 2 0 68
1 29 0 5
1 90
2 57
2 76
2 81
2 157
2 79
2 60
2 153
2 85
2 76
2 167
2 24
2 55
2 165
2 144
2 97
2 57
2 100
2 235
2 128
2 74
2 31
2 35
2 120
2 110
2 24
2 55
2 17
2 30
2 16
2 107
2 5
2 21
2 5
2 6
0
4
2 2 0 75
2 27 0 16
2 29 0 15
1 0 29 89
2 120
2 62
2 6
2 86
2 162
2 84
2 65
2 158
2 90
2 81
2 177
2 34
2 65
2 175
2 154
2 107
2 67
2 105
2 240
2 133
2 79
2 36
2 40
2 125
2 115
2 29
2 70
2 6
2 35
1 93
2 112
2 10
2 26
2 10
2 11
0
3
2 0 29 100
2 3 29 85
1 29 3 92
2 35
2 67
2 11
1 96
2 167
2 89
2 70
2 163
2 95
2 86
2 187
2 44
2 75
2 185
2 164
2 117
2 77
2 110
2 245
2 138
2 84
2 41
2 45
2 130
2 120
2 34
2 85
2 11
2 40
2 6
2 117
2 15
2 31
2 15
2 16
0
5
2 8 3 80
2 9 3 80
2 29 3 5
2 32 3 30
1 3 29 95
2 50
2 72
2 16
2 6
2 172
2 94
2 75
2 168
2 20
2 11
2 197
2 54
2 85
2 195
2 174
2 127
2 87
2 115
2 250
2 143
2 89
2 46
2 50
2 135
2 125
2 39
2 100
2 16
2 45
1 99
2 122
2 20
2 6
2 20
2 21
0
4
2 0 29 49
2 3 29 5
1 29 0 67
1 29 3 31
1 81
2 77
2 21
1 35
2 177
2 99
2 80
2 173
2 25
2 16
2 207
2 64
2 95
2 205
2 184
2 137
2 97
2 120
2 255
2 148
2 94
2 51
2 55
2 140
2 130
2 44
2 115
2 21
2 50
2 6
2 127
2 25
2 11
2 25
2 26
0
9
2 2 0 20
2 8 7 24
2 9 3 15
2 27 0 20
2 29 0 5
2 32 3 10
1 0 27 46
1 0 29 34
1 3 29 34
2 59
2 82
2 6
2 6
2 182
2 104
2 85
2 202
2 6
2 6
2 217
2 74
2 105
2 215
2 194
2 147
2 107
2 125
2 260
2 153
2 99
2 56
2 60
2 145
2 135
2 49
2 130
1 50
2 55
1 6
2 132
2 30
2 6
2 30
2 31
0
6
2 0 27 58
2 1 27 81
2 3 29 5
1 27 0 32
1 27 1 17
1 29 3 5
1 46
1 21
2 11
1 9
2 187
2 109
2 90
2 207
2 11
2 11
2 227
2 84
2 115
2 225
2 204
2 157
2 117
2 130
2 265
2 158
2 104
2 61
2 65
2 150
2 140
2 54
2 145
2 6
2 60
2 9
2 137
2 35
2 11
2 35
2 36
0
67
2 4 31 100
2 5 31 100
2 6 2 22
2 6 5 44
2 7 2 51
2 7 8 80
2 7 11 60
2 8 32 10
2 9 32 10
2 10 4 60
2 10 5 28
2 10 14 20
2 10 13 40
2 11 6 20
2 11 7 41
2 12 8 14
2 12 9 57
2 12 13 40
2 13 10 40
2 13 11 22
2 13 12 40
2 13 14 40
2 13 15 40
2 13 16 40
2 14 10 20
2 14 13 40
2 14 17 60
2 14 18 60
2 15 13 39
2 15 19 60
2 16 12 14
2 16 13 40
2 16 21 58
2 17 4 10
2 17 14 60
2 18 14 44
2 18 23 80
2 18 19 80
2 19 15 39
2 19 18 78
2 20 15 25
2 20 24 51
2 21 16 10
2 21 20 30
2 22 9 10
2 22 16 32
2 23 17 24
2 23 18 74
2 24 19 34
2 24 20 69
2 25 21 26
2 25 22 8
2 26 24 72
2 26 28 36
2 28 25 29
2 28 26 29
2 30 23 68
2 30 26 68
2 33 14 17
2 33 17 5
2 34 16 17
2 34 21 17
1 0 2 15
1 0 27 15
1 0 29 15
1 1 27 20
1 3 29 8
1 16
1 6
2 74
1 6
2 162
2 86
2 49
2 62
2 100
2 73
2 149
2 115
2 68
2 212
2 215
2 172
2 114
2 154
2 278
2 220
2 132
2 127
2 36
2 205
2 165
2 54
2 149
1 11
2 43
1 14
2 6
2 240
2 36
2 18
2 7
0
80
2 2 0 73
2 4 1 80
2 5 1 42
2 6 2 12
2 6 5 24
2 7 2 15
2 7 8 30
2 8 3 49
2 8 32 49
2 9 3 36
2 9 32 36
2 10 4 60
2 10 5 18
2 10 14 20
2 10 13 40
2 11 6 28
2 11 7 57
2 12 8 8
2 12 9 33
2 12 16 20
2 13 10 40
2 13 11 21
2 13 12 40
2 13 14 40
2 13 15 40
2 14 10 20
2 14 13 40
2 14 17 60
2 14 18 60
2 15 13 40
2 15 19 60
2 15 20 60
2 16 12 14
2 16 13 40
2 16 21 56
2 17 4 10
2 17 14 60
2 17 23 76
2 18 14 46
2 18 23 80
2 18 19 80
2 19 15 54
2 19 18 80
2 19 24 80
2 20 15 32
2 20 24 65
2 21 16 21
2 21 20 63
2 22 9 5
2 22 16 17
2 23 17 34
2 23 18 80
2 24 19 41
2 24 20 80
2 25 21 26
2 25 22 8
2 26 24 74
2 26 28 37
2 28 25 21
2 28 26 21
2 30 23 2
2 30 26 2
2 31 1 59
2 31 5 100
2 32 3 8
2 33 14 8
2 33 17 2
2 33 18 8
2 34 16 3
2 34 21 3
2 34 22 1
1 0 27 8
1 0 29 6
1 1 27 2
1 1 31 1
1 3 29 3
1 27 0 3
1 27 1 7
1 29 0 12
1 29 3 1
2 71
2 176
2 33
2 94
2 157
2 191
2 46
2 79
2 45
2 44
2 81
2 61
2 71
2 201
2 219
2 148
2 75
2 109
2 305
2 192
2 243
2 133
2 28
2 254
2 268
2 46
2 76
1 16
2 43
1 15
2 7
2 85
2 118
2 5
2 5
0
7
2 0 27 70
2 1 27 100
2 3 29 93
1 27 0 12
1 27 1 3
1 29 0 4
1 29 3 10
1 16
2 78
2 38
1 14
2 162
2 196
2 51
2 84
2 50
2 49
2 91
2 71
2 81
2 211
2 229
2 158
2 85
2 114
2 310
2 197
2 248
2 138
2 33
2 259
2 273
2 51
2 91
2 6
2 48
2 97
2 12
2 90
2 123
2 10
2 10
0
11
2 2 0 37
2 8 7 49
2 9 3 48
2 27 0 5
2 29 0 96
2 32 3 100
1 0 27 15
1 3 8 1
1 3 9 4
1 3 29 2
1 3 32 4
2 152
2 83
2 6
2 8
2 167
2 201
2 56
2 138
2 5
1 8
2 101
2 81
2 91
2 221
2 239
2 168
2 95
2 119
2 315
2 202
2 253
2 143
2 38
2 264
2 278
2 56
2 106
1 19
2 53
1 6
2 17
2 95
2 24
2 15
2 15
0
76
2 2 0 2
2 2 6 2
2 2 7 1
2 4 1 80
2 4 17 10
2 4 10 27
2 5 1 80
2 5 10 33
2 5 6 80
2 6 2 27
2 6 5 27
2 7 2 68
2 7 8 34
2 8 7 2
2 8 12 2
2 10 4 50
2 10 5 50
2 11 6 40
2 11 7 40
2 12 32 90
2 13 10 40
2 13 11 40
2 13 12 22
2 13 14 40
2 13 15 40
2 14 10 20
2 14 13 29
2 14 17 60
2 14 18 60
2 15 13 40
2 15 19 60
2 15 20 60
2 16 12 11
2 16 13 40
2 17 4 10
2 17 14 19
2 17 23 59
2 18 14 52
2 18 23 80
2 18 19 80
2 18 33 100
2 19 15 50
2 19 18 80
2 20 15 60
2 20 24 80
2 20 21 80
2 21 16 23
2 21 20 71
2 23 17 43
2 23 18 80
2 23 30 100
2 24 19 69
2 24 20 80
2 24 26 100
2 25 21 27
2 25 22 9
2 26 24 52
2 26 28 26
2 28 25 26
2 28 26 26
2 30 23 8
2 30 26 8
2 31 1 47
2 31 4 47
2 32 3 11
2 33 14 2
2 33 17 7
2 34 16 7
2 34 21 7
1 9 3 1
1 9 12 3
1 9 32 1
1 27 0 16
1 27 1 2
1 29 0 1
1 29 3 4
2 152
2 293
2 101
2 19
2 162
2 90
2 129
2 84
2 40
1 8
2 131
2 51
2 43
2 158
2 193
2 168
2 84
2 156
2 228
2 286
2 249
2 168
2 52
2 193
2 166
2 51
2 177
1 6
2 32
1 6
2 106
2 6
2 107
2 111
2 6
0
70
2 2 0 50
2 2 6 50
2 4 1 80
2 4 17 10
2 4 10 26
2 5 1 44
2 5 10 14
2 6 2 64
2 6 5 64
2 7 2 41
2 7 8 20
2 8 3 6
2 8 7 19
2 10 4 60
2 10 5 60
2 11 6 25
2 11 7 25
2 13 10 40
2 13 11 40
2 13 12 15
2 13 14 40
2 14 10 20
2 14 13 24
2 14 17 60
2 14 18 60
2 15 13 40
2 15 19 60
2 15 20 60
2 16 12 10
2 16 13 40
2 17 4 10
2 17 14 25
2 17 23 77
2 18 14 37
2 18 23 80
2 18 19 80
2 19 15 60
2 19 18 80
2 19 24 80
2 20 15 60
2 20 24 80
2 20 21 80
2 21 16 27
2 21 20 80
2 23 17 32
2 23 18 80
2 24 19 41
2 24 20 80
2 25 21 25
2 25 22 8
2 26 24 88
2 26 28 44
2 28 25 15
2 28 26 15
2 30 23 52
2 30 26 52
2 31 1 2
2 31 4 2
2 31 5 2
2 32 3 53
2 32 12 53
2 33 14 18
2 33 17 55
2 34 16 2
2 34 21 2
2 34 25 2
1 9 3 1
1 9 22 4
1 27 1 5
1 29 3 5
2 217
2 419
2 111
2 77
2 123
2 163
2 81
2 72
2 40
1 8
2 121
2 51
2 131
2 137
2 159
2 138
2 73
2 206
2 256
2 252
2 254
2 173
2 61
2 295
2 298
2 40
2 127
1 6
2 51
1 6
2 7
2 5
2 6
2 43
2 5
0
70
2 2 0 55
2 2 6 55
2 3 32 76
2 4 1 61
2 4 17 10
2 4 10 20
2 5 1 80
2 5 10 27
2 6 2 40
2 6 5 40
2 7 2 35
2 7 8 17
2 8 3 6
2 8 7 19
2 10 4 60
2 10 5 60
2 11 6 25
2 11 7 25
2 12 32 100
2 13 10 40
2 13 11 40
2 13 12 13
2 13 14 40
2 14 10 20
2 14 13 19
2 14 17 60
2 14 18 60
2 15 13 34
2 15 19 60
2 16 12 9
2 16 13 36
2 17 4 10
2 17 14 34
2 17 23 80
2 18 14 42
2 18 23 80
2 18 19 80
2 19 15 60
2 19 18 80
2 19 24 80
2 20 15 60
2 20 24 80
2 20 21 80
2 21 16 28
2 21 20 80
2 23 17 49
2 23 18 80
2 23 30 100
2 24 19 74
2 24 20 80
2 24 26 100
2 25 21 19
2 25 22 6
2 26 24 63
2 26 28 31
2 28 25 25
2 28 26 25
2 30 23 3
2 30 26 3
2 31 1 2
2 31 4 2
2 33 14 7
2 33 17 21
2 34 16 2
2 34 21 2
1 9 3 3
1 9 12 2
1 27 0 4
1 27 1 1
1 29 3 5
2 283
2 566
2 81
1 12
2 109
2 161
2 86
2 69
2 37
1 8
2 118
2 51
2 61
2 103
2 133
2 174
2 68
2 227
2 279
2 251
2 199
2 171
2 72
2 234
2 272
2 45
2 176
1 6
2 37
1 6
2 106
2 6
2 187
2 20
2 6
0
73
2 0 29 100
2 2 0 20
2 2 6 40
2 4 1 54
2 4 17 10
2 4 10 18
2 5 1 80
2 5 10 60
2 6 2 21
2 6 5 42
2 7 2 34
2 7 8 17
2 10 4 58
2 10 5 58
2 11 6 25
2 11 7 12
2 12 9 30
2 13 10 40
2 13 11 40
2 13 12 10
2 14 10 20
2 14 13 16
2 14 17 60
2 15 13 40
2 15 19 60
2 15 20 60
2 16 12 8
2 16 13 33
2 17 4 10
2 17 14 37
2 17 23 80
2 17 33 100
2 18 14 46
2 18 23 80
2 18 19 80
2 19 15 60
2 19 18 80
2 19 24 80
2 20 15 49
2 20 24 80
2 21 16 28
2 21 20 80
2 22 9 10
2 23 17 38
2 23 18 80
2 23 30 100
2 24 19 67
2 24 20 80
2 24 26 100
2 25 21 22
2 25 22 7
2 26 24 87
2 26 28 43
2 28 25 18
2 28 26 18
2 30 23 52
2 30 26 52
2 31 1 2
2 31 4 2
2 31 5 2
2 32 3 31
2 32 8 93
2 33 14 3
2 33 17 9
2 34 16 2
2 34 21 2
2 34 25 2
1 3 9 2
1 3 29 7
1 9 3 7
1 27 0 3
1 27 1 2
1 29 3 5
2 215
2 705
2 81
2 21
2 102
2 128
2 93
2 35
2 152
2 8
2 150
2 64
2 59
2 112
2 133
2 133
2 67
2 122
2 238
2 243
2 295
2 92
2 74
2 233
2 277
2 41
2 231
1 6
2 49
2 97
2 107
2 5
2 68
2 113
2 5
0
4
2 0 27 100
2 1 27 100
1 27 0 2
1 27 1 3
2 128
2 607
2 86
2 26
2 107
2 133
2 98
2 40
2 157
2 13
2 160
2 74
2 69
2 122
2 143
2 143
2 77
2 127
2 243
2 248
2 300
2 97
2 79
2 238
2 282
2 46
2 246
2 6
2 54
2 102
2 112
2 10
2 73
2 118
2 10
2
